0,0.08677144728225278
100,0.5176817288801572
200,0.5520628683693517
300,0.5821872953503602
400,0.5880812049770793
500,0.5884086444007859
600,0.6136214800261951
700,0.6162409954158481
800,0.6168958742632613
900,0.6257367387033399
1000,0.6296660117878192
1100,0.6296660117878192
1200,0.6437459070072037
1300,0.6283562540929928
1400,0.6466928618205632
1500,0.6597904387688278
1600,0.6525867714472823
1700,0.656188605108055
1800,0.6483300589390962
1900,0.6545514079895219
2000,0.6591355599214146
2100,0.6597904387688278
2200,0.6545514079895219
2300,0.6676489849377865
2400,0.6745252128356254
2500,0.6712508185985593
2600,0.6758349705304518
2700,0.6699410609037328
2800,0.6745252128356254
2900,0.6735428945645056
3000,0.6771447282252783
3100,0.6771447282252783
3200,0.6915520628683693
3300,0.6784544859201048
3400,0.6751800916830386
3500,0.6820563195808775
3600,0.6794368041912247
3700,0.6954813359528488
3800,0.6889325474787165
3900,0.6948264571054354
4000,0.6899148657498363
4100,0.6948264571054354
4200,0.6987557301899149
4300,0.6892599869024231
4400,0.6987557301899149
4500,0.7043222003929273
4600,0.6958087753765554
4700,0.6984282907662083
4800,0.6981008513425017
4900,0.6951538965291421
5000,0.7043222003929273
5100,0.7000654878847413
5200,0.7017026850032744
5300,0.7033398821218074
5400,0.7039947609692206
5500,0.7111984282907662
5600,0.7089063523248199
5700,0.7177472167648985
5800,0.7079240340537001
5900,0.7115258677144728
6000,0.7242960052390308
6100,0.7161100196463654
6200,0.7226588081204977
6300,0.7115258677144728
6400,0.7210216110019646
6500,0.7157825802226588
6600,0.7193844138834316
6700,0.7288801571709234
6800,0.7252783235101506
6900,0.7301899148657498
7000,0.730844793713163
7100,0.7184020956123117
7200,0.7298624754420432
7300,0.7314996725605762
7400,0.7354289456450557
7500,0.720694171578258
7600,0.7197118533071382
7700,0.7184020956123117
7800,0.72920759659463
7900,0.7265880812049771
8000,0.7370661427635887
8100,0.7236411263916176
8200,0.7311722331368696
8300,0.7278978388998035
8400,0.7347740667976425
8500,0.7265880812049771
8600,0.7347740667976425
8700,0.7337917485265226
8800,0.7328094302554028
8900,0.7429600523903078
9000,0.7367387033398821
9100,0.7406679764243614
9200,0.7364112639161755
9300,0.7429600523903078
9400,0.7380484610347086
9500,0.7534381139489195
9600,0.7459070072036673
9700,0.7452521283562541
9800,0.7468893254747871
9900,0.7475442043222004
10000,0.7459070072036673
10100,0.7439423706614277
10200,0.7465618860510805
10300,0.7537655533726261
10400,0.752128356254093
10500,0.7583497053045186
10600,0.752128356254093
10700,0.7557301899148657
10800,0.7485265225933202
10900,0.7527832351015062
11000,0.7547478716437459
11100,0.7540929927963327
11200,0.7452521283562541
11300,0.7590045841519318
11400,0.7531106745252129
11500,0.758022265880812
11600,0.7599869024230518
11700,0.7711198428290766
11800,0.7632612966601179
11900,0.7596594629993452
12000,0.7711198428290766
12100,0.758022265880812
12200,0.7590045841519318
12300,0.7675180091683038
12400,0.768172888015717
12500,0.7639161755075311
12600,0.7694826457105436
12700,0.77079240340537
12800,0.7721021611001965
12900,0.7822527832351015
13000,0.7763588736083824
13100,0.7701375245579568
13200,0.7727570399476097
13300,0.7721021611001965
13400,0.768172888015717
13500,0.7737393582187295
13600,0.7806155861165684
13700,0.7779960707269156
13800,0.7802881466928618
13900,0.7763588736083824
14000,0.7848722986247544
14100,0.7757039947609692
14200,0.785199738048461
14300,0.7881466928618206
14400,0.7845448592010478
14500,0.7917485265225933
14600,0.7858546168958742
14700,0.7904387688277669
14800,0.7901113294040603
14900,0.7956777996070727
15000,0.789456450556647
15100,0.7969875573018992
15200,0.7989521938441388
15300,0.789456450556647
15400,0.7933857236411264
15500,0.7996070726915521
15600,0.7940406024885396
15700,0.8058284217419778
15800,0.7973149967256058
15900,0.7940406024885396
16000,0.7966601178781926
16100,0.8113948919449901
16200,0.7888015717092338
16300,0.8009168303863785
16400,0.8045186640471512
16500,0.8002619515389653
16600,0.8018991486574983
16700,0.8091028159790439
16800,0.8084479371316307
16900,0.803863785199738
17000,0.8156516044531762
17100,0.8097576948264571
17200,0.8169613621480026
17300,0.8117223313686968
17400,0.8100851342501637
17500,0.8051735428945646
17600,0.8199083169613621
17700,0.8120497707924034
17800,0.8159790438768828
17900,0.8192534381139489
18000,0.8156516044531762
18100,0.8110674525212835
18200,0.8156516044531762
18300,0.8261296660117878
18400,0.8182711198428291
18500,0.8218729535036018
18600,0.8280943025540275
18700,0.8313686967910936
18800,0.8261296660117878
18900,0.8202357563850687
19000,0.8287491814014407
19100,0.8176162409954159
19200,0.8333333333333334
19300,0.8280943025540275
19400,0.8261296660117878
19500,0.8264571054354944
19600,0.8241650294695482
19700,0.8297314996725605
19800,0.8428290766208252
19900,0.8428290766208252
20000,0.8369351669941061
20100,0.8388998035363457
20200,0.823510150622135
20300,0.8300589390962672
20400,0.8343156516044532
20500,0.8359528487229863
20600,0.8457760314341847
20700,0.8369351669941061
20800,0.8359528487229863
20900,0.8477406679764243
21000,0.8434839554682384
21100,0.8441388343156516
21200,0.8457760314341847
21300,0.852324819908317
21400,0.8434839554682384
21500,0.8513425016371972
21600,0.8519973804846104
21700,0.8470857891290111
21800,0.8418467583497053
21900,0.8474132285527177
22000,0.8493778650949574
22100,0.8569089718402095
22200,0.8454485920104781
22300,0.8542894564505567
22400,0.8598559266535691
22500,0.8628028814669286
22600,0.8628028814669286
22700,0.8500327439423707
22800,0.8503601833660773
22900,0.8542894564505567
23000,0.8552717747216765
23100,0.8683693516699411
23200,0.8565815324165029
23300,0.8631303208906352
23400,0.8598559266535691
23500,0.8657498362802881
23600,0.8650949574328749
23700,0.8660772757039947
23800,0.8703339882121808
23900,0.8742632612966601
24000,0.8618205631958088
24100,0.8637851997380485
24200,0.8719711853307138
24300,0.8788474132285528
24400,0.8791748526522594
24500,0.8729535036018337
24600,0.860838244924689
24700,0.8729535036018337
24800,0.8696791093647676
24900,0.8781925343811395
25000,0.8749181401440733
25100,0.8808120497707924
25200,0.8700065487884742
25300,0.8850687622789783
25400,0.8808120497707924
25500,0.8700065487884742
25600,0.8847413228552717
25700,0.885396201702685
25800,0.885396201702685
25900,0.8857236411263916
26000,0.8863785199738049
26100,0.8867059593975115
26200,0.8916175507531107
26300,0.8935821872953503
26400,0.8778650949574329
26500,0.8860510805500982
26600,0.8912901113294041
26700,0.8971840209561232
26800,0.8948919449901768
26900,0.8899803536345776
27000,0.8893254747871644
27100,0.8971840209561232
27200,0.898166339227243
27300,0.8916175507531107
27400,0.8906352324819908
27500,0.9017681728880157
27600,0.9096267190569745
27700,0.9024230517354289
27800,0.8955468238375901
27900,0.8948919449901768
28000,0.9004584151931893
28100,0.8925998690242305
28200,0.899803536345776
28300,0.8955468238375901
28400,0.9017681728880157
28500,0.9099541584806811
28600,0.9030779305828421
28700,0.9063523248199084
28800,0.9115913555992141
28900,0.9053700065487885
29000,0.9014407334643091
29100,0.899803536345776
29200,0.9132285527177472
29300,0.9030779305828421
29400,0.9106090373280943
29500,0.9070072036673216
29600,0.906679764243615
29700,0.9142108709888671
29800,0.9119187950229207
29900,0.9056974459724951
30000,0.8962017026850033
30100,0.9119187950229207
30200,0.9178127046496398
30300,0.9142108709888671
30400,0.912573673870334
30500,0.9119187950229207
30600,0.9161755075311068
30700,0.918467583497053
30800,0.9056974459724951
30900,0.9135559921414538
31000,0.9155206286836935
31100,0.9155206286836935
31200,0.9223968565815324
31300,0.9158480681074002
31400,0.9194499017681729
31500,0.9299279633267845
31600,0.9237066142763589
31700,0.9250163719711854
31800,0.9207596594629993
31900,0.9174852652259332
32000,0.9223968565815324
32100,0.9282907662082515
32200,0.9282907662082515
32300,0.9279633267845449
32400,0.9263261296660118
32500,0.9263261296660118
32600,0.9282907662082515
32700,0.9299279633267845
32800,0.933857236411264
32900,0.9315651604453176
33000,0.9250163719711854
33100,0.9345121152586772
33200,0.9335297969875573
33300,0.925343811394892
33400,0.9345121152586772
33500,0.9325474787164375
33600,0.93713163064833
33700,0.9361493123772102
33800,0.931237721021611
33900,0.933857236411264
34000,0.9374590700720367
34100,0.9345121152586772
34200,0.9348395546823838
34300,0.9397511460379829
34400,0.9361493123772102
34500,0.9394237066142763
34600,0.9462999345121152
34700,0.9387688277668631
34800,0.9381139489194499
34900,0.931237721021611
35000,0.9397511460379829
35100,0.9374590700720367
35200,0.944007858546169
35300,0.9443352979698756
35400,0.9413883431565161
35500,0.9446627373935822
35600,0.9410609037328095
35700,0.9407334643091028
35800,0.9466273739358219
35900,0.9410609037328095
36000,0.944007858546169
36100,0.9381139489194499
36200,0.9420432220039293
36300,0.9476096922069417
36400,0.9492468893254747
36500,0.9397511460379829
36600,0.9482645710543549
36700,0.944007858546169
36800,0.9485920104780615
36900,0.9515389652914211
37000,0.9472822527832351
37100,0.9449901768172888
37200,0.9492468893254747
37300,0.9417157825802227
37400,0.949901768172888
37500,0.9531761624099542
37600,0.9485920104780615
37700,0.9459724950884086
37800,0.9508840864440079
37900,0.9492468893254747
38000,0.954158480681074
38100,0.9584151931892599
38200,0.9489194499017681
38300,0.9577603143418467
38400,0.954158480681074
38500,0.9557956777996071
38600,0.9476096922069417
38700,0.9502292075965947
38800,0.9548133595284872
38900,0.9636542239685658
39000,0.9571054354944335
39100,0.9528487229862476
39200,0.9603798297314997
39300,0.9502292075965947
39400,0.9610347085789129
39500,0.9613621480026195
39600,0.9544859201047806
39700,0.9561231172233137
39800,0.9593975114603799
39900,0.9548133595284872
