0,0.1
500,0.23902662993572085
1000,0.6566574839302112
1500,0.7786501377410469
2000,0.837603305785124
2500,0.8724058769513315
3000,0.9231864095500459
3500,0.9475206611570248
4000,0.9570707070707071
4500,0.9595500459136823
5000,0.9707070707070707
5500,0.9661157024793389
6000,0.9810376492194675
6500,0.9784664830119375
7000,0.9947658402203857
7500,0.9873278236914601
8000,0.9985766758494031
8500,0.991505968778696
9000,0.9992194674012855
9500,1.0
10000,0.9970156106519743
10500,0.9997245179063361
11000,1.0
11500,0.9999540863177226
12000,0.9399908172635445
12500,0.9999081726354454
13000,0.9913223140495868
13500,0.9999081726354454
14000,1.0
14500,1.0
15000,1.0
15500,1.0
16000,1.0
16500,1.0
17000,1.0
17500,1.0
18000,1.0
18500,0.7735078053259872
19000,0.8937557392102846
19500,0.9303489439853077
20000,0.9407254361799816
20500,0.9576675849403122
21000,0.9647842056932966
21500,0.969742883379247
22000,0.970752984389348
22500,0.9620752984389348
23000,0.9872819100091828
23500,0.967860422405877
24000,0.97910927456382
24500,0.9724517906336089
25000,0.9884297520661157
25500,0.988613406795225
26000,0.9591827364554637
26500,0.9954086317722681
27000,0.9572543617998164
27500,0.9972910927456382
28000,0.9956382001836547
28500,0.9957300275482094
29000,0.9663452708907254
29500,0.9977961432506887
