0,0.0297969875573019
100,0.5245579567779961
200,0.547478716437459
300,0.5717092337917485
400,0.5907007203667322
500,0.6011787819253438
600,0.6064178127046497
700,0.6182056319580878
800,0.6211525867714472
900,0.6270464963981663
1000,0.630648330058939
1100,0.6424361493123772
1200,0.6401440733464309
1300,0.6512770137524558
1400,0.6493123772102161
1500,0.6506221349050426
1600,0.6506221349050426
1700,0.6584806810740013
1800,0.6601178781925344
1900,0.6633922724296005
2000,0.6611001964636543
2100,0.6702685003274395
2200,0.660445317616241
2300,0.6755075311067452
2400,0.6794368041912247
2500,0.6683038637851998
2600,0.677472167648985
2700,0.6846758349705304
2800,0.6902423051735429
2900,0.6807465618860511
3000,0.6866404715127702
3100,0.6882776686313032
3200,0.6928618205631958
3300,0.6856581532416502
3400,0.6938441388343156
3500,0.6853307138179436
3600,0.6938441388343156
3700,0.696136214800262
3800,0.6997380484610347
3900,0.6948264571054354
4000,0.6823837590045841
4100,0.7023575638506876
4200,0.693516699410609
4300,0.7049770792403406
4400,0.704649639816634
4500,0.706286836935167
4600,0.6974459724950884
4700,0.7023575638506876
4800,0.7069417157825802
4900,0.704649639816634
5000,0.7043222003929273
5100,0.7066142763588736
5200,0.7043222003929273
5300,0.7111984282907662
5400,0.7069417157825802
5500,0.7095612311722331
5600,0.7161100196463654
5700,0.7134905042567125
5800,0.7236411263916176
5900,0.7151277013752456
6000,0.7128356254092992
6100,0.7128356254092992
6200,0.7164374590700721
6300,0.7190569744597249
6400,0.7177472167648985
6500,0.7314996725605762
6600,0.7203667321545514
6700,0.7278978388998035
6800,0.7229862475442044
6900,0.720694171578258
7000,0.7252783235101506
7100,0.7337917485265226
7200,0.7262606417812705
7300,0.7200392927308448
7400,0.7409954158480682
7500,0.7364112639161755
7600,0.7200392927308448
7700,0.7383759004584152
7800,0.7337917485265226
7900,0.7387033398821218
8000,0.7360838244924689
8100,0.7351015062213491
8200,0.7367387033398821
8300,0.7364112639161755
8400,0.7301899148657498
8500,0.7396856581532416
8600,0.7472167648984938
8700,0.7426326129666012
8800,0.7468893254747871
8900,0.7406679764243614
9000,0.7472167648984938
9100,0.7462344466273739
9200,0.7452521283562541
9300,0.7468893254747871
9400,0.7439423706614277
9500,0.7445972495088409
9600,0.7459070072036673
9700,0.7488539620170268
9800,0.7498362802881466
9900,0.7511460379829732
10000,0.7475442043222004
10100,0.7475442043222004
10200,0.7472167648984938
10300,0.7567125081859856
10400,0.7596594629993452
10500,0.7567125081859856
10600,0.7590045841519318
10700,0.7570399476096922
10800,0.7635887360838245
10900,0.7462344466273739
11000,0.7567125081859856
11100,0.760641781270465
11200,0.7576948264571054
11300,0.7518009168303864
11400,0.7616240995415848
11500,0.7593320235756386
11600,0.7632612966601179
11700,0.7639161755075311
11800,0.7599869024230518
11900,0.7668631303208906
12000,0.7596594629993452
12100,0.7658808120497708
12200,0.7576948264571054
12300,0.7704649639816634
12400,0.7671905697445972
12500,0.7727570399476097
12600,0.7815979043876883
12700,0.7796332678454486
12800,0.7806155861165684
12900,0.7783235101506222
13000,0.7773411918795023
13100,0.7773411918795023
13200,0.7888015717092338
13300,0.7763588736083824
13400,0.777668631303209
13500,0.7779960707269156
13600,0.7861820563195808
13700,0.7842174197773412
13800,0.7721021611001965
13900,0.7881466928618206
14000,0.7907662082514735
14100,0.7842174197773412
14200,0.7881466928618206
14300,0.7832351015062213
14400,0.7924034053700065
14500,0.789456450556647
14600,0.7842174197773412
14700,0.797969875573019
14800,0.7946954813359528
14900,0.7976424361493124
15000,0.797969875573019
15100,0.8025540275049116
15200,0.7933857236411264
15300,0.7920759659462999
15400,0.8005893909626719
15500,0.7989521938441388
15600,0.803863785199738
15700,0.7950229207596594
15800,0.803863785199738
15900,0.7989521938441388
16000,0.8077930582842174
16100,0.806483300589391
16200,0.8084479371316307
16300,0.7927308447937131
16400,0.8077930582842174
16500,0.8071381794368042
16600,0.8133595284872298
16700,0.806483300589391
16800,0.8104125736738703
16900,0.814996725605763
17000,0.806483300589391
17100,0.8169613621480026
17200,0.8179436804191225
17300,0.8143418467583498
17400,0.8185985592665357
17500,0.8222003929273084
17600,0.820890635232482
17700,0.8228552717747217
17800,0.8143418467583498
17900,0.8189259986902423
18000,0.8143418467583498
18100,0.8212180746561886
18200,0.8333333333333334
18300,0.8228552717747217
18400,0.826784544859201
18500,0.8316961362148002
18600,0.8277668631303209
18700,0.8303863785199738
18800,0.825147347740668
18900,0.8303863785199738
19000,0.8274394237066143
19100,0.8333333333333334
19200,0.8398821218074656
19300,0.826784544859201
19400,0.8372626064178127
19500,0.8503601833660773
19600,0.8362802881466929
19700,0.8385723641126391
19800,0.8418467583497053
19900,0.8447937131630648
20000,0.8441388343156516
20100,0.8402095612311722
20200,0.8444662737393582
20300,0.8366077275703995
20400,0.8483955468238376
20500,0.8411918795022921
20600,0.8366077275703995
20700,0.8441388343156516
20800,0.8316961362148002
20900,0.8555992141453831
21000,0.849705304518664
21100,0.8542894564505567
21200,0.8474132285527177
21300,0.8549443352979699
21400,0.8536345776031434
21500,0.8470857891290111
21600,0.858218729535036
21700,0.8657498362802881
21800,0.8588736083824492
21900,0.8510150622134905
22000,0.8542894564505567
22100,0.8634577603143418
22200,0.8631303208906352
22300,0.860838244924689
22400,0.8588736083824492
22500,0.8542894564505567
22600,0.8605108055009824
22700,0.8611656843483956
22800,0.8745907007203667
22900,0.8601833660772757
23000,0.8657498362802881
23100,0.8637851997380485
23200,0.8742632612966601
23300,0.869351669941061
23400,0.8696791093647676
23500,0.8716437459070072
23600,0.8749181401440733
23700,0.8817943680419122
23800,0.8772102161100196
23900,0.8749181401440733
24000,0.8804846103470858
24100,0.8772102161100196
24200,0.8719711853307138
24300,0.8788474132285528
24400,0.8706614276358874
24500,0.8788474132285528
24600,0.8847413228552717
24700,0.8916175507531107
24800,0.8824492468893255
24900,0.8886705959397512
25000,0.8778650949574329
25100,0.898166339227243
25200,0.8899803536345776
25300,0.8922724296005239
25400,0.8772102161100196
25500,0.8925998690242305
25600,0.8798297314996726
25700,0.8873608382449247
25800,0.8906352324819908
25900,0.8860510805500982
26000,0.8893254747871644
26100,0.8975114603798298
26200,0.8991486574983628
26300,0.8991486574983628
26400,0.8909626719056974
26500,0.9007858546168959
26600,0.8978388998035364
26700,0.8991486574983628
26800,0.9030779305828421
26900,0.8870333988212181
27000,0.8975114603798298
27100,0.8988212180746562
27200,0.9004584151931893
27300,0.899803536345776
27400,0.8975114603798298
27500,0.9092992796332678
27600,0.904060248853962
27700,0.9161755075311068
27800,0.9086444007858546
27900,0.9056974459724951
28000,0.8916175507531107
28100,0.9161755075311068
28200,0.9142108709888671
28300,0.9115913555992141
28400,0.9135559921414538
28500,0.9089718402095612
28600,0.9096267190569745
28700,0.9165029469548134
28800,0.912573673870334
28900,0.9112639161755075
29000,0.9089718402095612
29100,0.9204322200392927
29200,0.9138834315651605
29300,0.922724296005239
29400,0.9070072036673216
29500,0.9194499017681729
29600,0.9178127046496398
29700,0.9178127046496398
29800,0.9289456450556647
29900,0.9214145383104125
30000,0.9201047806155861
30100,0.9174852652259332
30200,0.9230517354289457
30300,0.9250163719711854
30400,0.9243614931237721
30500,0.9119187950229207
30600,0.9315651604453176
30700,0.9204322200392927
30800,0.9201047806155861
