0,0.1
500,0.3069329660238751
1000,0.5233700642791552
1500,0.5745638200183655
2000,0.6395775941230487
2500,0.6478879706152434
3000,0.6818640955004591
3500,0.6598255280073462
4000,0.7548668503213958
4500,0.7353076216712581
5000,0.7437557392102847
5500,0.7671258034894398
6000,0.7065656565656566
6500,0.7966942148760331
7000,0.7438934802571167
7500,0.7829660238751148
8000,0.7580808080808081
8500,0.7888888888888889
9000,0.7988980716253443
9500,0.8141873278236914
10000,0.7943526170798898
10500,0.7821854912764004
11000,0.8315426997245179
11500,0.8733241505968778
12000,0.7769054178145087
12500,0.7824609733700643
13000,0.8655188246097337
13500,0.8774104683195593
14000,0.7904499540863177
14500,0.8507346189164371
15000,0.8113406795224977
15500,0.8503673094582186
16000,0.8533516988062443
16500,0.844536271808999
17000,0.7902662993572085
17500,0.8388888888888889
18000,0.8598714416896235
18500,0.8323691460055096
19000,0.8797520661157024
19500,0.8935261707988981
20000,0.8480716253443527
20500,0.8701101928374656
21000,0.8961891643709825
21500,0.8332415059687787
22000,0.8522956841138659
22500,0.8089072543617998
23000,0.8803489439853076
23500,0.8978879706152434
24000,0.8730486685032139
24500,0.8442148760330579
25000,0.9062901744719927
25500,0.8224977043158861
26000,0.8726813590449954
26500,0.8550505050505051
27000,0.8895775941230487
27500,0.8888888888888888
28000,0.8679522497704316
28500,0.838751147842057
29000,0.8732782369146006
29500,0.9030762167125803
30000,0.8828282828282829
30500,0.87910927456382
31000,0.8794306703397613
31500,0.882277318640955
32000,0.8755739210284664
32500,0.8609274563820019
33000,0.9182277318640955
33500,0.9005509641873278
34000,0.8711202938475666
34500,0.8518365472910927
35000,0.904912764003673
35500,0.9008264462809917
36000,0.931129476584022
36500,0.8987603305785123
37000,0.9170798898071625
37500,0.8508264462809917
38000,0.9141414141414141
38500,0.9171258034894398
39000,0.915702479338843
39500,0.9245179063360881
40000,0.9178145087235996
40500,0.9084940312213039
41000,0.8776859504132232
41500,0.8893939393939394
42000,0.895821854912764
42500,0.8822314049586777
43000,0.9118916437098256
43500,0.8826446280991735
44000,0.8758034894398531
44500,0.8758494031221304
45000,0.9097796143250688
45500,0.9253902662993572
46000,0.9235996326905418
46500,0.8586776859504133
47000,0.886730945821855
47500,0.9079430670339761
48000,0.931267217630854
48500,0.8923324150596877
49000,0.9003213957759413
49500,0.9119834710743802
50000,0.8898071625344353
50500,0.9252525252525252
51000,0.9223140495867769
51500,0.9244260789715335
52000,0.9219467401285583
52500,0.8922405876951331
53000,0.9170339761248852
53500,0.9154269972451791
54000,0.921900826446281
54500,0.9283287419651056
55000,0.9206152433425161
55500,0.9316804407713498
56000,0.9067033976124885
56500,0.9122589531680441
57000,0.8909090909090909
57500,0.9292929292929293
58000,0.9151974288337925
58500,0.9015610651974288
59000,0.8862718089990818
59500,0.9172176308539944
60000,0.9101469237832874
60500,0.8985307621671258
61000,0.9330119375573921
61500,0.9176308539944904
62000,0.9370982552800735
62500,0.8951331496786042
63000,0.9116620752984389
63500,0.9140036730945822
64000,0.9293388429752066
64500,0.9338383838383838
65000,0.9238292011019283
65500,0.9295224977043158
66000,0.9302571166207529
66500,0.9343893480257116
67000,0.9222222222222223
67500,0.937465564738292
68000,0.9039026629935721
68500,0.9226354453627181
69000,0.9077134986225895
69500,0.9444444444444444
70000,0.9122130394857667
70500,0.9055555555555556
71000,0.8955463728191001
71500,0.909366391184573
72000,0.9332415059687788
72500,0.9199724517906336
73000,0.9202938475665748
73500,0.9356749311294766
74000,0.9266758494031221
74500,0.8911845730027548
75000,0.9086317722681359
75500,0.9065656565656566
76000,0.9337924701561066
76500,0.9403122130394858
77000,0.8957759412304866
77500,0.9480716253443526
78000,0.9453627180899908
78500,0.9338842975206612
79000,0.9111111111111111
79500,0.9223599632690542
80000,0.9386593204775023
80500,0.9166666666666666
81000,0.9170339761248852
81500,0.9338383838383838
82000,0.9309458218549128
82500,0.9282828282828283
83000,0.9179981634527089
83500,0.929981634527089
84000,0.928971533516988
84500,0.9348484848484848
85000,0.9300275482093664
85500,0.9377869605142333
86000,0.9426078971533517
86500,0.912534435261708
87000,0.9235537190082644
87500,0.9420569329660239
88000,0.9252984389348026
88500,0.9199724517906336
89000,0.8921028466483012
89500,0.9298898071625344
90000,0.9295224977043158
90500,0.9339302112029385
91000,0.9363636363636364
91500,0.9066574839302112
92000,0.9425160697887971
92500,0.9285123966942149
93000,0.9231864095500459
93500,0.9315426997245179
94000,0.8836547291092746
94500,0.9196051423324151
95000,0.9401285583103764
95500,0.9447199265381083
96000,0.9019283746556473
96500,0.9382001836547291
97000,0.9484848484848485
97500,0.9373737373737374
98000,0.9348943985307622
98500,0.9172176308539944
99000,0.9242424242424242
99500,0.9212580348943985
100000,0.9499540863177227
100500,0.9355831037649219
101000,0.9028007346189164
101500,0.9235537190082644
102000,0.9403122130394858
102500,0.9260330578512397
103000,0.8977502295684114
103500,0.9206611570247933
104000,0.9476124885215794
104500,0.9415518824609733
105000,0.9222222222222223
105500,0.9416896235078053
106000,0.9458677685950413
106500,0.9410009182736455
107000,0.9242424242424242
107500,0.9376951331496786
108000,0.9348025711662076
108500,0.9477502295684114
109000,0.944949494949495
109500,0.9559687786960515
110000,0.9079430670339761
110500,0.9341138659320477
111000,0.936317722681359
111500,0.903305785123967
112000,0.8913223140495867
112500,0.9279155188246098
113000,0.9312213039485767
113500,0.9377410468319559
114000,0.9095959595959596
114500,0.9454086317722681
115000,0.9536271808999082
115500,0.9425160697887971
116000,0.917722681359045
116500,0.9424701561065197
117000,0.939623507805326
117500,0.9119834710743802
118000,0.9221763085399449
118500,0.9191460055096419
119000,0.8962350780532599
119500,0.9329201101928375
120000,0.9637281910009182
120500,0.9367768595041323
121000,0.909366391184573
121500,0.9328741965105601
122000,0.9247015610651974
122500,0.9458677685950413
123000,0.9379706152433425
123500,0.9457759412304867
124000,0.9401744719926538
124500,0.9422405876951332
125000,0.9202020202020202
125500,0.9601928374655647
126000,0.9065656565656566
126500,0.9349862258953168
127000,0.9601469237832874
127500,0.9440312213039486
128000,0.9165289256198347
128500,0.9214416896235078
129000,0.9345270890725437
129500,0.9544995408631772
130000,0.9330119375573921
130500,0.9451790633608815
131000,0.9209825528007346
131500,0.93544536271809
132000,0.9331037649219467
132500,0.9361799816345271
133000,0.9348484848484848
133500,0.9419191919191919
134000,0.9516069788797061
134500,0.9406795224977044
135000,0.9317263544536272
135500,0.9343893480257116
136000,0.9512396694214876
136500,0.9351239669421487
137000,0.9499540863177227
137500,0.9386593204775023
138000,0.9432506887052342
138500,0.9146005509641874
139000,0.9525711662075298
139500,0.9003213957759413
140000,0.9583103764921946
140500,0.9475206611570248
141000,0.9331037649219467
141500,0.9325068870523416
142000,0.9446280991735537
142500,0.9166207529843894
143000,0.937603305785124
143500,0.9472451790633609
144000,0.9516069788797061
144500,0.9574380165289256
145000,0.9298438934802571
145500,0.9221763085399449
146000,0.9492194674012856
146500,0.9426997245179063
147000,0.9200642791551883
147500,0.9240128558310376
148000,0.9461891643709825
148500,0.944811753902663
149000,0.9390725436179982
149500,0.9478879706152433
