0,0.11263916175507531
100,0.522920759659463
200,0.547478716437459
300,0.5667976424361493
400,0.5756385068762279
500,0.5903732809430255
600,0.5913555992141454
700,0.6106745252128356
800,0.6077275703994761
900,0.6244269810085135
1000,0.6208251473477406
1100,0.6293385723641126
1200,0.6136214800261951
1300,0.6277013752455796
1400,0.6404715127701375
1500,0.6411263916175508
1600,0.6394891944990176
1700,0.6440733464309103
1800,0.6516044531761624
1900,0.6555337262606418
2000,0.6532416502946955
2100,0.6555337262606418
2200,0.6597904387688278
2300,0.6627373935821873
2400,0.656188605108055
2500,0.6627373935821873
2600,0.6581532416502947
2700,0.668958742632613
2800,0.66633922724296
2900,0.6666666666666666
3000,0.6800916830386379
3100,0.6715782580222659
3200,0.6784544859201048
3300,0.6761624099541584
3400,0.6787819253438114
3500,0.6836935166994106
3600,0.6797642436149313
3700,0.6823837590045841
3800,0.6856581532416502
3900,0.691879502292076
4000,0.6817288801571709
4100,0.6817288801571709
4200,0.6856581532416502
4300,0.6941715782580222
4400,0.6899148657498363
4500,0.6938441388343156
4600,0.6866404715127702
4700,0.6863130320890635
4800,0.6882776686313032
4900,0.6941715782580222
5000,0.6869679109364768
5100,0.6912246234446627
5200,0.697773411918795
5300,0.6994106090373281
5400,0.696136214800262
5500,0.6958087753765554
5600,0.704649639816634
5700,0.7013752455795678
5800,0.7033398821218074
5900,0.6990831696136215
6000,0.7000654878847413
6100,0.7095612311722331
6200,0.7085789129011133
6300,0.7039947609692206
6400,0.7089063523248199
6500,0.712180746561886
6600,0.7056319580877538
6700,0.7075965946299935
6800,0.7184020956123117
6900,0.7151277013752456
7000,0.714800261951539
7100,0.7164374590700721
7200,0.7161100196463654
7300,0.7184020956123117
7400,0.7216764898493778
7500,0.724950884086444
7600,0.7239685658153242
7700,0.7157825802226588
7800,0.7314996725605762
7900,0.7239685658153242
8000,0.7226588081204977
8100,0.7252783235101506
8200,0.7305173542894564
8300,0.7265880812049771
8400,0.720694171578258
8500,0.724950884086444
8600,0.7236411263916176
8700,0.7236411263916176
8800,0.7262606417812705
8900,0.7252783235101506
9000,0.7337917485265226
9100,0.7311722331368696
9200,0.7265880812049771
9300,0.733464309102816
9400,0.7337917485265226
9500,0.7337917485265226
9600,0.7347740667976425
9700,0.7265880812049771
9800,0.7341191879502292
9900,0.7396856581532416
10000,0.7426326129666012
10100,0.7396856581532416
10200,0.7390307793058284
10300,0.7380484610347086
10400,0.731827111984283
10500,0.7403405370006548
10600,0.7423051735428946
10700,0.7383759004584152
10800,0.7442698100851343
10900,0.7413228552717748
11000,0.7452521283562541
11100,0.7462344466273739
11200,0.7501637197118534
11300,0.7406679764243614
11400,0.7481990831696136
11500,0.7465618860510805
11600,0.7472167648984938
11700,0.7491814014407334
11800,0.7498362802881466
11900,0.7567125081859856
12000,0.7567125081859856
12100,0.7485265225933202
12200,0.7531106745252129
12300,0.756385068762279
12400,0.7609692206941716
12500,0.7488539620170268
12600,0.7537655533726261
12700,0.7498362802881466
12800,0.7508185985592666
12900,0.7652259332023575
13000,0.7554027504911591
13100,0.7655533726260642
13200,0.7603143418467584
13300,0.7593320235756386
13400,0.762278978388998
13500,0.7671905697445972
13600,0.7603143418467584
13700,0.7619515389652914
13800,0.7599869024230518
13900,0.7599869024230518
14000,0.7668631303208906
14100,0.7711198428290766
14200,0.7724296005239031
14300,0.7721021611001965
14400,0.7678454485920104
14500,0.7861820563195808
14600,0.7698100851342502
14700,0.7724296005239031
14800,0.7675180091683038
14900,0.7727570399476097
15000,0.7779960707269156
15100,0.7685003274394238
15200,0.7734119187950229
15300,0.7796332678454486
15400,0.7786509495743288
15500,0.7727570399476097
15600,0.777668631303209
15700,0.7802881466928618
15800,0.7770137524557956
15900,0.7858546168958742
16000,0.7861820563195808
16100,0.7835625409299279
16200,0.7845448592010478
16300,0.7861820563195808
16400,0.7871643745907008
16500,0.7946954813359528
16600,0.7930582842174198
16700,0.7910936476751801
16800,0.785199738048461
16900,0.7881466928618206
17000,0.7914210870988867
17100,0.793713163064833
17200,0.7914210870988867
17300,0.7897838899803536
17400,0.7946954813359528
17500,0.7930582842174198
17600,0.7956777996070727
17700,0.7956777996070727
17800,0.7999345121152587
17900,0.8041912246234446
18000,0.7969875573018992
18100,0.7940406024885396
18200,0.7989521938441388
18300,0.8009168303863785
18400,0.7999345121152587
18500,0.803863785199738
18600,0.8025540275049116
18700,0.8127046496398166
18800,0.814996725605763
18900,0.8028814669286182
19000,0.8045186640471512
19100,0.8074656188605108
19200,0.8025540275049116
19300,0.8041912246234446
19400,0.8228552717747217
19500,0.8045186640471512
19600,0.8094302554027505
19700,0.8097576948264571
19800,0.8012442698100851
19900,0.8195808775376555
20000,0.814996725605763
20100,0.8179436804191225
20200,0.8113948919449901
20300,0.8258022265880812
20400,0.8130320890635232
20500,0.8179436804191225
20600,0.820890635232482
20700,0.8163064833005894
20800,0.8195808775376555
20900,0.8163064833005894
21000,0.8271119842829077
21100,0.8222003929273084
21200,0.8258022265880812
21300,0.8284217419777341
21400,0.8231827111984283
21500,0.8185985592665357
21600,0.8238375900458416
21700,0.8277668631303209
21800,0.8313686967910936
21900,0.8271119842829077
22000,0.8372626064178127
22100,0.8261296660117878
22200,0.8343156516044532
22300,0.8343156516044532
22400,0.8343156516044532
22500,0.8343156516044532
22600,0.8375900458415193
22700,0.8326784544859201
22800,0.8398821218074656
22900,0.8411918795022921
23000,0.8392272429600524
23100,0.8451211525867715
23200,0.8405370006548788
23300,0.8454485920104781
23400,0.8415193189259987
23500,0.8461034708578913
23600,0.8526522593320236
23700,0.843811394891945
23800,0.8464309102815979
23900,0.8425016371971186
24000,0.8529796987557302
24100,0.8428290766208252
24200,0.8477406679764243
24300,0.852324819908317
24400,0.8415193189259987
24500,0.8470857891290111
24600,0.8447937131630648
24700,0.849705304518664
24800,0.8516699410609038
24900,0.8480681074001309
25000,0.8461034708578913
25100,0.85396201702685
25200,0.8526522593320236
25300,0.8470857891290111
25400,0.8487229862475442
25500,0.8533071381794368
25600,0.8595284872298625
25700,0.8647675180091683
25800,0.8664047151277013
25900,0.8595284872298625
26000,0.8595284872298625
26100,0.8552717747216765
26200,0.8467583497053045
26300,0.8641126391617551
26400,0.8641126391617551
26500,0.8614931237721022
26600,0.8670595939751146
26700,0.8716437459070072
26800,0.8628028814669286
26900,0.8595284872298625
27000,0.8775376555337263
27100,0.8598559266535691
27200,0.8618205631958088
27300,0.866732154551408
27400,0.8631303208906352
27500,0.8677144728225278
27600,0.8650949574328749
27700,0.8680419122462344
27800,0.8821218074656189
27900,0.866732154551408
28000,0.8722986247544204
28100,0.8739358218729535
28200,0.8791748526522594
28300,0.8778650949574329
28400,0.8706614276358874
28500,0.8686967910936477
28600,0.8732809430255403
28700,0.8808120497707924
28800,0.872626064178127
28900,0.8742632612966601
29000,0.8791748526522594
29100,0.8736083824492469
29200,0.8873608382449247
29300,0.8785199738048461
29400,0.8844138834315651
29500,0.8840864440078585
29600,0.8834315651604453
29700,0.879502292075966
29800,0.8863785199738049
29900,0.8922724296005239
30000,0.885396201702685
30100,0.8867059593975115
30200,0.8925998690242305
30300,0.899803536345776
30400,0.8906352324819908
30500,0.8867059593975115
30600,0.8831041257367387
30700,0.8978388998035364
30800,0.8906352324819908
30900,0.8899803536345776
31000,0.8925998690242305
31100,0.8873608382449247
31200,0.8919449901768173
31300,0.9020956123117223
31400,0.9017681728880157
31500,0.9004584151931893
31600,0.8962017026850033
31700,0.8978388998035364
31800,0.8965291421087099
31900,0.8975114603798298
32000,0.9024230517354289
32100,0.8916175507531107
32200,0.9099541584806811
32300,0.9020956123117223
32400,0.9056974459724951
32500,0.8978388998035364
32600,0.8965291421087099
32700,0.9017681728880157
32800,0.9073346430910282
32900,0.8984937786509496
33000,0.9096267190569745
33100,0.906679764243615
33200,0.9017681728880157
33300,0.9060248853962017
33400,0.9076620825147348
33500,0.9007858546168959
33600,0.9089718402095612
33700,0.9109364767518009
33800,0.9063523248199084
33900,0.9007858546168959
34000,0.908316961362148
34100,0.9112639161755075
34200,0.9217419777341191
34300,0.9132285527177472
34400,0.9115913555992141
34500,0.9109364767518009
34600,0.9158480681074002
34700,0.9151931892599869
34800,0.9119187950229207
34900,0.9207596594629993
35000,0.9174852652259332
35100,0.9194499017681729
35200,0.9233791748526523
35300,0.9158480681074002
35400,0.9223968565815324
35500,0.9158480681074002
35600,0.9148657498362803
35700,0.9122462344466273
35800,0.9138834315651605
35900,0.922724296005239
36000,0.9240340537000655
36100,0.9155206286836935
36200,0.9165029469548134
36300,0.9181401440733464
36400,0.9279633267845449
36500,0.9174852652259332
36600,0.9263261296660118
36700,0.9240340537000655
36800,0.931237721021611
36900,0.9282907662082515
37000,0.9194499017681729
37100,0.9174852652259332
37200,0.9289456450556647
37300,0.9299279633267845
37400,0.9220694171578258
37500,0.933857236411264
37600,0.9279633267845449
37700,0.9220694171578258
37800,0.9348395546823838
37900,0.9286182056319581
38000,0.9237066142763589
38100,0.9348395546823838
38200,0.9292730844793713
38300,0.9263261296660118
38400,0.9348395546823838
38500,0.9230517354289457
38600,0.9279633267845449
38700,0.9279633267845449
38800,0.9348395546823838
38900,0.9223968565815324
39000,0.9273084479371316
39100,0.9302554027504911
39200,0.9351669941060904
39300,0.9328749181401441
39400,0.9384413883431565
39500,0.9279633267845449
39600,0.9387688277668631
39700,0.9325474787164375
39800,0.9381139489194499
39900,0.9325474787164375
