keep_prob = column
learning_rate = row
keep_prob_ = [1,0.98,0.95,0.90]
learning_rate_ = [0.01,0.03,0.05,0.1,0.5]

[[0.41 0.37 0.38 0.39 0.35]
 [0.44 0.36 0.29 0.4  0.41]
 [0.39 0.42 0.36 0.3  0.35]
 [0.37 0.4  0.31 0.34 0.3 ]]
[[0.4  0.36 0.43 0.46 0.39]
 [0.38 0.38 0.41 0.47 0.4 ]
 [0.36 0.34 0.36 0.38 0.32]
 [0.35 0.34 0.37 0.33 0.28]]
[[0.78883764 0.70576568 0.64875461 0.72619926 0.71725092]
 [0.67841328 0.64630996 0.55023063 0.55585793 0.57440037]
 [0.63274908 0.5349631  0.50023063 0.46300738 0.52135609]
 [0.56858856 0.47527675 0.45336716 0.42444649 0.4079797 ]]
[[0.83814576 0.82675277 0.81549815 0.74843173 0.70917897]
 [0.6720941  0.67850554 0.68846863 0.66434502 0.5922048 ]
 [0.63104244 0.63856089 0.6047048  0.57071033 0.49381919]
 [0.57633764 0.58754613 0.56632841 0.52034133 0.43011993]]