0,0.5039292730844793
100,0.5029469548133595
200,0.5337262606417813
300,0.5756385068762279
400,0.5929927963326784
500,0.6175507531106745
600,0.620497707924034
700,0.6385068762278978
800,0.6519318925998691
900,0.6617550753110675
1000,0.6637197118533071
1100,0.6669941060903732
1200,0.6807465618860511
1300,0.6859855926653569
1400,0.6614276358873609
1500,0.6856581532416502
1600,0.706286836935167
1700,0.722331368696791
1800,0.7213490504256712
1900,0.7259332023575639
2000,0.7298624754420432
2100,0.7403405370006548
2200,0.7400130975769482
2300,0.7675180091683038
2400,0.7822527832351015
2500,0.7819253438113949
2600,0.8100851342501637
2700,0.8032089063523248
2800,0.7914210870988867
2900,0.8169613621480026
3000,0.8018991486574983
3100,0.8451211525867715
3200,0.8408644400785854
3300,0.8569089718402095
3400,0.872626064178127
3500,0.8742632612966601
3600,0.8605108055009824
3700,0.8942370661427635
3800,0.8867059593975115
3900,0.9004584151931893
4000,0.908316961362148
4100,0.9056974459724951
4200,0.9250163719711854
4300,0.9092992796332678
4400,0.9210870988867059
4500,0.9073346430910282
4600,0.9210870988867059
4700,0.9426981008513425
4800,0.9410609037328095
4900,0.9017681728880157
