0,0.5026195153896529
100,0.5491159135559921
200,0.5838244924688932
300,0.6221349050425671
400,0.623117223313687
500,0.6335952848722987
600,0.6457105435494433
700,0.6611001964636543
800,0.6597904387688278
900,0.6607727570399476
1000,0.6771447282252783
1100,0.6633922724296005
1200,0.6656843483955468
1300,0.6879502292075966
1400,0.6879502292075966
1500,0.6797642436149313
1600,0.6948264571054354
1700,0.7013752455795678
1800,0.6981008513425017
1900,0.7039947609692206
2000,0.7288801571709234
2100,0.7239685658153242
2200,0.7220039292730844
2300,0.737721021611002
2400,0.7305173542894564
2500,0.7396856581532416
2600,0.7439423706614277
2700,0.7357563850687623
2800,0.7295350360183366
2900,0.730844793713163
3000,0.7599869024230518
3100,0.7612966601178782
3200,0.7586771447282252
3300,0.7668631303208906
3400,0.7652259332023575
3500,0.7819253438113949
3600,0.787819253438114
3700,0.7743942370661427
3800,0.7711198428290766
3900,0.8028814669286182
4000,0.8041912246234446
4100,0.814996725605763
4200,0.8055009823182712
4300,0.823510150622135
4400,0.8172888015717092
4500,0.8280943025540275
4600,0.8241650294695482
4700,0.839554682383759
4800,0.8428290766208252
4900,0.8562540929927963
