0,0.49901768172888017
100,0.5461689587426326
200,0.5749836280288146
300,0.6070726915520629
400,0.6165684348395547
500,0.6326129666011788
600,0.6342501637197119
700,0.6407989521938441
800,0.6385068762278978
900,0.6473477406679764
1000,0.660445317616241
1100,0.6666666666666666
1200,0.6696136214800262
1300,0.6751800916830386
1400,0.6895874263261297
1500,0.6814014407334643
1600,0.6836935166994106
1700,0.6866404715127702
1800,0.6840209561231172
1900,0.7003929273084479
2000,0.6990831696136215
2100,0.7033398821218074
2200,0.7092337917485265
2300,0.7167648984937787
2400,0.7102161100196464
2500,0.7144728225278324
2600,0.7265880812049771
2700,0.7177472167648985
2800,0.723313686967911
2900,0.7354289456450557
3000,0.7164374590700721
3100,0.7387033398821218
3200,0.7439423706614277
3300,0.7570399476096922
3400,0.7511460379829732
3500,0.77079240340537
3600,0.7645710543549443
3700,0.752128356254093
3800,0.7714472822527833
3900,0.7721021611001965
4000,0.7743942370661427
4100,0.7763588736083824
4200,0.7865094957432875
4300,0.7786509495743288
4400,0.7845448592010478
4500,0.7884741322855272
4600,0.8009168303863785
4700,0.8097576948264571
4800,0.8025540275049116
4900,0.8110674525212835
