0,0.22298624754420432
100,0.5206286836935167
200,0.5517354289456451
300,0.5694171578258023
400,0.5952848722986247
500,0.600196463654224
600,0.6096922069417158
700,0.6257367387033399
800,0.6162409954158481
900,0.6319580877537656
1000,0.6270464963981663
1100,0.6385068762278978
1200,0.6411263916175508
1300,0.647675180091683
1400,0.6466928618205632
1500,0.6440733464309103
1600,0.650294695481336
1700,0.657825802226588
1800,0.6480026195153896
1900,0.6552062868369352
2000,0.6516044531761624
2100,0.6597904387688278
2200,0.664702030124427
2300,0.6679764243614931
2400,0.6673215455140799
2500,0.6692861820563196
2600,0.683366077275704
2700,0.674852652259332
2800,0.6709233791748527
2900,0.6781270464963982
3000,0.6755075311067452
3100,0.6814014407334643
3200,0.6879502292075966
3300,0.6784544859201048
3400,0.6741977734119188
3500,0.68762278978389
3600,0.674852652259332
3700,0.6823837590045841
3800,0.6902423051735429
3900,0.6863130320890635
4000,0.6915520628683693
4100,0.6915520628683693
4200,0.6964636542239686
4300,0.6872953503601834
4400,0.6843483955468238
4500,0.6938441388343156
4600,0.6944990176817288
4700,0.696136214800262
4800,0.6899148657498363
4900,0.6974459724950884
