0,0.45284872298624756
100,0.5798952193844139
200,0.6132940406024885
300,0.6421087098886706
400,0.6407989521938441
500,0.6705959397511461
600,0.6611001964636543
700,0.6781270464963982
800,0.6840209561231172
900,0.6800916830386379
1000,0.696136214800262
1100,0.6967910936476752
1200,0.7010478061558612
1300,0.7007203667321545
1400,0.7072691552062869
1500,0.6981008513425017
1600,0.7131630648330058
1700,0.7085789129011133
1800,0.7131630648330058
1900,0.7184020956123117
2000,0.6889325474787165
2100,0.7282252783235101
2200,0.7288801571709234
2300,0.7305173542894564
2400,0.7321545514079896
2500,0.733464309102816
2600,0.7452521283562541
2700,0.7357563850687623
2800,0.7498362802881466
2900,0.7468893254747871
3000,0.7459070072036673
3100,0.7406679764243614
3200,0.7475442043222004
3300,0.7390307793058284
3400,0.743614931237721
3500,0.7573673870333988
3600,0.7586771447282252
3700,0.7655533726260642
3800,0.7583497053045186
3900,0.7619515389652914
4000,0.7593320235756386
4100,0.7701375245579568
4200,0.7688277668631304
4300,0.7645710543549443
4400,0.7662082514734774
4500,0.7675180091683038
4600,0.7812704649639817
4700,0.7819253438113949
4800,0.7783235101506222
4900,0.77079240340537
