0,0.0893909626719057
100,0.5297969875573019
200,0.5690897184020957
300,0.5910281597904388
400,0.6047806155861166
500,0.6152586771447283
600,0.6100196463654224
700,0.6371971185330714
800,0.6349050425671251
900,0.6480026195153896
1000,0.650294695481336
1100,0.6535690897184021
1200,0.6486574983628028
1300,0.6545514079895219
1400,0.664702030124427
1500,0.6705959397511461
1600,0.6705959397511461
1700,0.668958742632613
1800,0.6715782580222659
1900,0.6781270464963982
2000,0.6843483955468238
2100,0.6846758349705304
2200,0.6899148657498363
2300,0.6866404715127702
2400,0.6971185330713818
2500,0.6755075311067452
2600,0.6895874263261297
2700,0.6902423051735429
2800,0.691879502292076
2900,0.6902423051735429
3000,0.6967910936476752
3100,0.6994106090373281
3200,0.6951538965291421
3300,0.7082514734774067
3400,0.7059593975114604
3500,0.7003929273084479
3600,0.7072691552062869
3700,0.7079240340537001
3800,0.7049770792403406
3900,0.7128356254092992
4000,0.714800261951539
4100,0.7125081859855926
4200,0.7138179436804192
4300,0.7115258677144728
4400,0.7210216110019646
4500,0.7180746561886051
4600,0.7085789129011133
4700,0.714800261951539
4800,0.7049770792403406
4900,0.7128356254092992
