0,0.5058939096267191
100,0.5985592665356909
200,0.6283562540929928
300,0.6522593320235757
400,0.6758349705304518
500,0.6758349705304518
600,0.6738703339882122
700,0.697773411918795
800,0.7095612311722331
900,0.7157825802226588
1000,0.7269155206286837
1100,0.7360838244924689
1200,0.7311722331368696
1300,0.7491814014407334
1400,0.7229862475442044
1500,0.7671905697445972
1600,0.7531106745252129
1700,0.7599869024230518
1800,0.7770137524557956
1900,0.7901113294040603
2000,0.7773411918795023
2100,0.7956777996070727
2200,0.81237721021611
2300,0.8261296660117878
2400,0.8284217419777341
2500,0.8402095612311722
2600,0.83366077275704
2700,0.8549443352979699
2800,0.8703339882121808
2900,0.8650949574328749
3000,0.9001309757694826
3100,0.8487229862475442
3200,0.8984937786509496
3300,0.9161755075311068
3400,0.8945645055664702
3500,0.8860510805500982
3600,0.9181401440733464
3700,0.9400785854616895
3800,0.9374590700720367
3900,0.9325474787164375
4000,0.9102815979043877
4100,0.9171578258022266
4200,0.9459724950884086
4300,0.9616895874263262
4400,0.9318925998690243
4500,0.9616895874263262
4600,0.9764243614931237
4700,0.9692206941715783
4800,0.9652914210870989
4900,0.9793713163064833
