0,0.5039292730844793
100,0.5039292730844793
200,0.5039292730844793
300,0.5039292730844793
400,0.5039292730844793
500,0.5039292730844793
600,0.5039292730844793
700,0.5039292730844793
800,0.5039292730844793
900,0.5039292730844793
1000,0.5039292730844793
1100,0.5042567125081859
1200,0.5029469548133595
1300,0.5029469548133595
1400,0.5039292730844793
1500,0.5039292730844793
1600,0.5039292730844793
1700,0.5039292730844793
1800,0.5039292730844793
1900,0.5039292730844793
2000,0.5039292730844793
2100,0.5039292730844793
2200,0.5039292730844793
2300,0.5039292730844793
2400,0.5039292730844793
2500,0.5039292730844793
2600,0.5039292730844793
2700,0.5039292730844793
2800,0.5039292730844793
2900,0.5039292730844793
3000,0.5036018336607727
3100,0.5039292730844793
3200,0.5039292730844793
3300,0.21250818598559268
3400,0.5039292730844793
3500,0.5039292730844793
3600,0.5039292730844793
3700,0.5039292730844793
3800,0.5039292730844793
3900,0.5039292730844793
4000,0.5039292730844793
4100,0.5039292730844793
4200,0.5039292730844793
4300,0.5039292730844793
4400,0.5039292730844793
4500,0.4862475442043222
4600,0.5039292730844793
4700,0.5009823182711198
4800,0.5039292730844793
4900,0.1696136214800262
