0,0.5039292730844793
100,0.5658153241650294
200,0.6015062213490504
300,0.6191879502292076
400,0.637524557956778
500,0.610347085789129
600,0.6614276358873609
700,0.6656843483955468
800,0.6624099541584807
900,0.6951538965291421
1000,0.6925343811394892
1100,0.6879502292075966
1200,0.702030124426981
1300,0.6994106090373281
1400,0.7118533071381794
1500,0.7236411263916176
1600,0.731827111984283
1700,0.7098886705959397
1800,0.7102161100196464
1900,0.7354289456450557
2000,0.7534381139489195
2100,0.743614931237721
2200,0.7452521283562541
2300,0.7554027504911591
2400,0.7737393582187295
2500,0.7609692206941716
2600,0.7835625409299279
2700,0.7685003274394238
2800,0.7760314341846758
2900,0.7698100851342502
3000,0.7799607072691552
3100,0.8097576948264571
3200,0.8058284217419778
3300,0.8130320890635232
3400,0.8117223313686968
3500,0.8104125736738703
3600,0.8382449246889325
3700,0.8425016371971186
3800,0.8379174852652259
3900,0.8529796987557302
4000,0.8388998035363457
4100,0.8546168958742633
4200,0.8670595939751146
4300,0.8759004584151932
4400,0.8808120497707924
4500,0.858218729535036
4600,0.8516699410609038
4700,0.8883431565160446
4800,0.8945645055664702
4900,0.9158480681074002
