0,0.5058939096267191
100,0.587426326129666
200,0.6116568434839554
300,0.6074001309757695
400,0.6352324819908317
500,0.6299934512115258
600,0.6214800261951539
700,0.6303208906352324
800,0.6496398166339227
900,0.6633922724296005
1000,0.6450556647020301
1100,0.6601178781925344
1200,0.6840209561231172
1300,0.6817288801571709
1400,0.6905697445972495
1500,0.6827111984282908
1600,0.6853307138179436
1700,0.6807465618860511
1800,0.6912246234446627
1900,0.7072691552062869
2000,0.6846758349705304
2100,0.697773411918795
2200,0.6971185330713818
2300,0.7089063523248199
2400,0.6938441388343156
2500,0.7138179436804192
2600,0.6915520628683693
2700,0.7144728225278324
2800,0.6987557301899149
2900,0.7030124426981008
3000,0.7177472167648985
3100,0.722331368696791
3200,0.7269155206286837
3300,0.7288801571709234
3400,0.7059593975114604
3500,0.7134905042567125
3600,0.7285527177472167
3700,0.7098886705959397
3800,0.7089063523248199
3900,0.7288801571709234
4000,0.7305173542894564
4100,0.7364112639161755
4200,0.7390307793058284
4300,0.7200392927308448
4400,0.7429600523903078
4500,0.7226588081204977
4600,0.7265880812049771
4700,0.7432874918140144
4800,0.7256057629338573
4900,0.7518009168303864
