0,0.5058939096267191
100,0.6031434184675835
200,0.6355599214145383
300,0.647675180091683
400,0.6686313032089064
500,0.6863130320890635
600,0.6840209561231172
700,0.6807465618860511
800,0.697773411918795
900,0.7177472167648985
1000,0.7128356254092992
1100,0.7164374590700721
1200,0.7331368696791094
1300,0.7370661427635887
1400,0.747871643745907
1500,0.7596594629993452
1600,0.7518009168303864
1700,0.7645710543549443
1800,0.7694826457105436
1900,0.7819253438113949
2000,0.7891290111329404
2100,0.7871643745907008
2200,0.7832351015062213
2300,0.8009168303863785
2400,0.7897838899803536
2500,0.8094302554027505
2600,0.8248199083169614
2700,0.8244924688932548
2800,0.8271119842829077
2900,0.8526522593320236
3000,0.8601833660772757
3100,0.8755730189914865
3200,0.8454485920104781
3300,0.870988867059594
3400,0.8939096267190569
3500,0.8876882776686313
3600,0.904060248853962
3700,0.8876882776686313
3800,0.9181401440733464
3900,0.908316961362148
4000,0.8903077930582842
4100,0.9240340537000655
4200,0.9318925998690243
4300,0.9296005239030779
4400,0.9240340537000655
4500,0.9364767518009168
4600,0.9433529796987558
4700,0.9302554027504911
4800,0.8912901113294041
4900,0.9390962671905697
