0,0.5039292730844793
100,0.5039292730844793
200,0.49246889325474785
300,0.5019646365422397
400,0.5039292730844793
500,0.5019646365422397
600,0.5026195153896529
700,0.5039292730844793
800,0.5042567125081859
900,0.5039292730844793
1000,0.5029469548133595
1100,0.5036018336607727
1200,0.5039292730844793
1300,0.5003274394237066
1400,0.5036018336607727
1500,0.5036018336607727
1600,0.5039292730844793
1700,0.5032743942370661
1800,0.5039292730844793
1900,0.5039292730844793
2000,0.49836280288146695
2100,0.5039292730844793
2200,0.5039292730844793
2300,0.5032743942370661
2400,0.5039292730844793
2500,0.5039292730844793
2600,0.49181401440733463
2700,0.5039292730844793
2800,0.5039292730844793
2900,0.5
3000,0.4862475442043222
3100,0.5039292730844793
3200,0.501637197118533
3300,0.41879502292075965
3400,0.5039292730844793
3500,0.5039292730844793
3600,0.5039292730844793
3700,0.5042567125081859
3800,0.5006548788474132
3900,0.5039292730844793
4000,0.5039292730844793
4100,0.49869024230517356
4200,0.4538310412573674
4300,0.5029469548133595
4400,0.501637197118533
4500,0.5032743942370661
4600,0.5036018336607727
4700,0.5039292730844793
4800,0.5039292730844793
4900,0.4996725605762934
