0,0.04158480681074001
100,0.5196463654223968
200,0.5494433529796987
300,0.5707269155206287
400,0.5890635232481991
500,0.6087098886705959
600,0.6139489194499018
700,0.6224623444662737
800,0.6250818598559267
900,0.6342501637197119
1000,0.6407989521938441
1100,0.6385068762278978
1200,0.639161755075311
1300,0.6486574983628028
1400,0.6568434839554682
1500,0.6538965291421087
1600,0.6574983628028814
1700,0.6512770137524558
1800,0.6617550753110675
1900,0.6738703339882122
2000,0.660445317616241
2100,0.6768172888015717
2200,0.6676489849377865
2300,0.6735428945645056
2400,0.6758349705304518
2500,0.6830386378519974
2600,0.6768172888015717
2700,0.6830386378519974
2800,0.6892599869024231
2900,0.6899148657498363
3000,0.68762278978389
3100,0.6895874263261297
3200,0.6948264571054354
3300,0.685003274394237
3400,0.7056319580877538
3500,0.6931892599869024
3600,0.6922069417157826
3700,0.6944990176817288
3800,0.6944990176817288
3900,0.7003929273084479
4000,0.7030124426981008
4100,0.693516699410609
4200,0.6990831696136215
4300,0.6990831696136215
4400,0.706286836935167
4500,0.7049770792403406
4600,0.706286836935167
4700,0.6954813359528488
4800,0.7092337917485265
4900,0.7111984282907662
