0,0.16666666666666666
100,0.5163719711853307
200,0.5609037328094303
300,0.5812049770792403
400,0.5982318271119843
500,0.5998690242305174
600,0.6185330713817944
700,0.6244269810085135
800,0.618860510805501
900,0.6191879502292076
1000,0.6329404060248854
1100,0.6388343156516044
1200,0.6388343156516044
1300,0.6453831041257367
1400,0.6568434839554682
1500,0.647675180091683
1600,0.656188605108055
1700,0.6597904387688278
1800,0.6617550753110675
1900,0.6545514079895219
2000,0.6699410609037328
2100,0.6679764243614931
2200,0.6637197118533071
2300,0.6755075311067452
2400,0.6814014407334643
2500,0.6673215455140799
2600,0.6777996070726916
2700,0.6761624099541584
2800,0.6804191224623445
2900,0.6892599869024231
3000,0.6928618205631958
3100,0.6899148657498363
3200,0.6990831696136215
3300,0.6905697445972495
3400,0.6938441388343156
3500,0.6853307138179436
3600,0.7017026850032744
3700,0.6981008513425017
3800,0.7000654878847413
3900,0.6958087753765554
4000,0.702030124426981
4100,0.7049770792403406
4200,0.6944990176817288
4300,0.7108709888670596
4400,0.7190569744597249
4500,0.7203667321545514
4600,0.7059593975114604
4700,0.7138179436804192
4800,0.7102161100196464
4900,0.7229862475442044
