0,0.5039292730844793
100,0.5638506876227898
200,0.611984282907662
300,0.6113294040602488
400,0.601833660772757
500,0.6313032089063523
600,0.6483300589390962
700,0.6434184675834971
800,0.6591355599214146
900,0.6440733464309103
1000,0.6709233791748527
1100,0.6725605762933857
1200,0.6908971840209561
1300,0.6971185330713818
1400,0.6997380484610347
1500,0.7108709888670596
1600,0.7017026850032744
1700,0.7161100196463654
1800,0.722331368696791
1900,0.72920759659463
2000,0.7190569744597249
2100,0.7373935821872953
2200,0.7426326129666012
2300,0.731827111984283
2400,0.7373935821872953
2500,0.7596594629993452
2600,0.7439423706614277
2700,0.7655533726260642
2800,0.77079240340537
2900,0.7671905697445972
3000,0.7727570399476097
3100,0.7904387688277669
3200,0.7891290111329404
3300,0.7881466928618206
3400,0.808120497707924
3500,0.8130320890635232
3600,0.8284217419777341
3700,0.8248199083169614
3800,0.8277668631303209
3900,0.8431565160445318
4000,0.8339882121807466
4100,0.8402095612311722
4200,0.8431565160445318
4300,0.8487229862475442
4400,0.8549443352979699
4500,0.8634577603143418
4600,0.8729535036018337
4700,0.872626064178127
4800,0.8857236411263916
4900,0.888015717092338
