0,0.49639816633922723
100,0.574656188605108
200,0.6132940406024885
300,0.637524557956778
400,0.6378519973804846
500,0.6447282252783235
600,0.6601178781925344
700,0.6624099541584807
800,0.6650294695481336
900,0.6725605762933857
1000,0.697773411918795
1100,0.6836935166994106
1200,0.6931892599869024
1300,0.6859855926653569
1400,0.7072691552062869
1500,0.7092337917485265
1600,0.7013752455795678
1700,0.7102161100196464
1800,0.704649639816634
1900,0.7203667321545514
2000,0.7216764898493778
2100,0.7236411263916176
2200,0.7177472167648985
2300,0.7288801571709234
2400,0.72920759659463
2500,0.7337917485265226
2600,0.7301899148657498
2700,0.7357563850687623
2800,0.7459070072036673
2900,0.7557301899148657
3000,0.7508185985592666
3100,0.7619515389652914
3200,0.7511460379829732
3300,0.7609692206941716
3400,0.7550753110674525
3500,0.7704649639816634
3600,0.7721021611001965
3700,0.7812704649639817
3800,0.7747216764898494
3900,0.7858546168958742
4000,0.7779960707269156
4100,0.7992796332678455
4200,0.7901113294040603
4300,0.8110674525212835
4400,0.803863785199738
4500,0.7969875573018992
4600,0.8028814669286182
4700,0.8179436804191225
4800,0.8104125736738703
4900,0.820890635232482
