0,0.5058939096267191
100,0.5684348395546824
200,0.6064178127046497
300,0.6195153896529142
400,0.6624099541584807
500,0.6473477406679764
600,0.6483300589390962
700,0.6624099541584807
800,0.6814014407334643
900,0.6886051080550099
1000,0.6886051080550099
1100,0.6781270464963982
1200,0.7108709888670596
1300,0.6984282907662083
1400,0.7151277013752456
1500,0.7111984282907662
1600,0.7039947609692206
1700,0.7229862475442044
1800,0.7184020956123117
1900,0.7039947609692206
2000,0.7370661427635887
2100,0.7373935821872953
2200,0.72920759659463
2300,0.7154551407989522
2400,0.7413228552717748
2500,0.7314996725605762
2600,0.7197118533071382
2700,0.7341191879502292
2800,0.7341191879502292
2900,0.7576948264571054
3000,0.7406679764243614
3100,0.7537655533726261
3200,0.7645710543549443
3300,0.7537655533726261
3400,0.7655533726260642
3500,0.7648984937786509
3600,0.7370661427635887
3700,0.7570399476096922
3800,0.7612966601178782
3900,0.7815979043876883
4000,0.7671905697445972
4100,0.7737393582187295
4200,0.7976424361493124
4300,0.7668631303208906
4400,0.7518009168303864
4500,0.7842174197773412
4600,0.7757039947609692
4700,0.7819253438113949
4800,0.7884741322855272
4900,0.7956777996070727
