0,0.5032743942370661
100,0.5926653569089718
200,0.6381794368041912
300,0.6499672560576293
400,0.668958742632613
500,0.6699410609037328
600,0.6794368041912247
700,0.6807465618860511
800,0.6971185330713818
900,0.6941715782580222
1000,0.7013752455795678
1100,0.7138179436804192
1200,0.7059593975114604
1300,0.7154551407989522
1400,0.7229862475442044
1500,0.7157825802226588
1600,0.731827111984283
1700,0.7200392927308448
1800,0.7413228552717748
1900,0.7269155206286837
2000,0.7406679764243614
2100,0.7518009168303864
2200,0.741977734119188
2300,0.758022265880812
2400,0.7609692206941716
2500,0.762278978388998
2600,0.758022265880812
2700,0.7789783889980354
2800,0.7914210870988867
2900,0.7737393582187295
3000,0.7858546168958742
3100,0.8018991486574983
3200,0.8012442698100851
3300,0.7924034053700065
3400,0.8153241650294696
3500,0.796332678454486
3600,0.8074656188605108
3700,0.8287491814014407
3800,0.83366077275704
3900,0.8316961362148002
4000,0.8051735428945646
4100,0.8330058939096268
4200,0.8434839554682384
4300,0.8519973804846104
4400,0.8637851997380485
4500,0.8719711853307138
4600,0.8588736083824492
4700,0.8736083824492469
4800,0.8837590045841519
4900,0.8883431565160446
