0,0.5039292730844793
100,0.5039292730844793
200,0.5042567125081859
300,0.5039292730844793
400,0.5039292730844793
500,0.5039292730844793
600,0.42403405370006547
700,0.5039292730844793
800,0.17681728880157171
900,0.4702030124426981
1000,0.49803536345776034
1100,0.5039292730844793
1200,0.5039292730844793
1300,0.5036018336607727
1400,0.5039292730844793
1500,0.5022920759659463
1600,0.5039292730844793
1700,0.5039292730844793
1800,0.5039292730844793
1900,0.5039292730844793
2000,0.5039292730844793
2100,0.5036018336607727
2200,0.5036018336607727
2300,0.5039292730844793
2400,0.5039292730844793
2500,0.5039292730844793
2600,0.5
2700,0.477079240340537
2800,0.4721676489849378
2900,0.5039292730844793
3000,0.5039292730844793
3100,0.5036018336607727
3200,0.5039292730844793
3300,0.5039292730844793
3400,0.5039292730844793
3500,0.45546823837590045
3600,0.5039292730844793
3700,0.5039292730844793
3800,0.49836280288146695
3900,0.5039292730844793
4000,0.5039292730844793
4100,0.5039292730844793
4200,0.4947609692206942
4300,0.5022920759659463
4400,0.2550753110674525
4500,0.5039292730844793
4600,0.5039292730844793
4700,0.5039292730844793
4800,0.4947609692206942
4900,0.5039292730844793
