0,0.5058939096267191
100,0.6041257367387033
200,0.6430910281597905
300,0.657825802226588
400,0.6696136214800262
500,0.6686313032089064
600,0.683366077275704
700,0.6761624099541584
800,0.7053045186640472
900,0.6990831696136215
1000,0.7053045186640472
1100,0.7017026850032744
1200,0.710543549443353
1300,0.7341191879502292
1400,0.7357563850687623
1500,0.7485265225933202
1600,0.7465618860510805
1700,0.7347740667976425
1800,0.7531106745252129
1900,0.7508185985592666
2000,0.7868369351669942
2100,0.769155206286837
2200,0.7855271774721676
2300,0.7924034053700065
2400,0.8028814669286182
2500,0.8107400130975769
2600,0.8094302554027505
2700,0.8156516044531762
2800,0.8264571054354944
2900,0.8294040602488539
3000,0.8402095612311722
3100,0.8382449246889325
3200,0.8428290766208252
3300,0.8552717747216765
3400,0.8418467583497053
3500,0.8490504256712508
3600,0.8762278978388998
3700,0.881139489194499
3800,0.8824492468893255
3900,0.8925998690242305
4000,0.8909626719056974
4100,0.8942370661427635
4200,0.9056974459724951
4300,0.8857236411263916
4400,0.9158480681074002
4500,0.9259986902423052
4600,0.9250163719711854
4700,0.9220694171578258
4800,0.9207596594629993
4900,0.9302554027504911
