0,0.4610347085789129
100,0.595939751146038
200,0.6286836935166994
300,0.6313032089063523
400,0.6574983628028814
500,0.656188605108055
600,0.6755075311067452
700,0.6823837590045841
800,0.6738703339882122
900,0.6886051080550099
1000,0.7111984282907662
1100,0.7049770792403406
1200,0.706286836935167
1300,0.697773411918795
1400,0.7118533071381794
1500,0.7246234446627374
1600,0.7295350360183366
1700,0.7128356254092992
1800,0.72920759659463
1900,0.739358218729535
2000,0.7252783235101506
2100,0.7409954158480682
2200,0.7531106745252129
2300,0.7324819908316962
2400,0.7455795677799607
2500,0.7590045841519318
2600,0.7737393582187295
2700,0.7626064178127047
2800,0.7730844793713163
2900,0.7848722986247544
3000,0.77079240340537
3100,0.7910936476751801
3200,0.7917485265225933
3300,0.7927308447937131
3400,0.7960052390307794
3500,0.7973149967256058
3600,0.8163064833005894
3700,0.802226588081205
3800,0.8199083169613621
3900,0.823510150622135
4000,0.835297969875573
4100,0.8254747871643746
4200,0.8199083169613621
4300,0.8369351669941061
4400,0.826784544859201
4500,0.8418467583497053
4600,0.8470857891290111
4700,0.8441388343156516
4800,0.8490504256712508
4900,0.8700065487884742
