0,0.5039292730844793
100,0.49639816633922723
200,0.5039292730844793
300,0.49672560576293384
400,0.5036018336607727
500,0.5013097576948264
600,0.4764243614931238
700,0.5039292730844793
800,0.5022920759659463
900,0.4718402095612312
1000,0.501637197118533
1100,0.5006548788474132
1200,0.5036018336607727
1300,0.5029469548133595
1400,0.4911591355599214
1500,0.49901768172888017
1600,0.5039292730844793
1700,0.5039292730844793
1800,0.4911591355599214
1900,0.5039292730844793
2000,0.49869024230517356
2100,0.5029469548133595
2200,0.5039292730844793
2300,0.49705304518664045
2400,0.44662737393582186
2500,0.5039292730844793
2600,0.5039292730844793
2700,0.49279633267845446
2800,0.5036018336607727
2900,0.5029469548133595
3000,0.45088408644400785
3100,0.5042567125081859
3200,0.39521938441388343
3300,0.5039292730844793
3400,0.5032743942370661
3500,0.5039292730844793
3600,0.5036018336607727
3700,0.491486574983628
3800,0.5022920759659463
3900,0.48821218074656186
4000,0.48264571054354943
4100,0.43713163064833005
4200,0.5003274394237066
4300,0.5036018336607727
4400,0.5039292730844793
4500,0.5036018336607727
4600,0.5036018336607727
4700,0.5039292730844793
4800,0.49377865094957435
4900,0.4993451211525868
