0,0.5058939096267191
100,0.5717092337917485
200,0.618860510805501
300,0.627373935821873
400,0.6535690897184021
500,0.6581532416502947
600,0.6473477406679764
700,0.6807465618860511
800,0.6761624099541584
900,0.697773411918795
1000,0.6745252128356254
1100,0.7043222003929273
1200,0.7066142763588736
1300,0.6954813359528488
1400,0.7092337917485265
1500,0.7085789129011133
1600,0.7236411263916176
1700,0.7229862475442044
1800,0.724950884086444
1900,0.7134905042567125
2000,0.7229862475442044
2100,0.731827111984283
2200,0.7357563850687623
2300,0.7275703994760969
2400,0.7406679764243614
2500,0.7570399476096922
2600,0.7501637197118534
2700,0.7599869024230518
2800,0.762278978388998
2900,0.7632612966601179
3000,0.7678454485920104
3100,0.7593320235756386
3200,0.7645710543549443
3300,0.7806155861165684
3400,0.7796332678454486
3500,0.775049115913556
3600,0.7789783889980354
3700,0.796332678454486
3800,0.8028814669286182
3900,0.8077930582842174
4000,0.8058284217419778
4100,0.8041912246234446
4200,0.8215455140798952
4300,0.8058284217419778
4400,0.802226588081205
4500,0.8182711198428291
4600,0.822527832351015
4700,0.823510150622135
4800,0.826784544859201
4900,0.8398821218074656
