0,0.4492468893254748
100,0.5203012442698101
200,0.5510805500982319
300,0.5595939751146038
400,0.5913555992141454
500,0.591683038637852
600,0.6024885396201702
700,0.6054354944335298
800,0.614603798297315
900,0.6234446627373936
1000,0.6293385723641126
1100,0.6234446627373936
1200,0.6263916175507531
1300,0.6385068762278978
1400,0.627373935821873
1500,0.6421087098886706
1600,0.6444007858546169
1700,0.6421087098886706
1800,0.6480026195153896
1900,0.6512770137524558
2000,0.6450556647020301
2100,0.656188605108055
2200,0.6643745907007204
2300,0.6620825147347741
2400,0.6676489849377865
2500,0.6630648330058939
2600,0.6643745907007204
2700,0.6640471512770137
2800,0.676489849377865
2900,0.6683038637851998
3000,0.676489849377865
3100,0.6741977734119188
3200,0.6722331368696791
3300,0.6794368041912247
3400,0.676489849377865
3500,0.6895874263261297
3600,0.6800916830386379
3700,0.685003274394237
3800,0.6895874263261297
3900,0.6863130320890635
4000,0.6944990176817288
4100,0.697773411918795
4200,0.6984282907662083
4300,0.6882776686313032
4400,0.6938441388343156
4500,0.702030124426981
4600,0.7056319580877538
4700,0.6925343811394892
4800,0.7082514734774067
4900,0.6941715782580222
