0,0.5052390307793059
100,0.5733464309102816
200,0.5995415848068107
300,0.629011132940406
400,0.6434184675834971
500,0.6388343156516044
600,0.6385068762278978
700,0.6574983628028814
800,0.6627373935821873
900,0.6722331368696791
1000,0.6679764243614931
1100,0.6787819253438114
1200,0.683366077275704
1300,0.6827111984282908
1400,0.6800916830386379
1500,0.6872953503601834
1600,0.7010478061558612
1700,0.7102161100196464
1800,0.7017026850032744
1900,0.6938441388343156
2000,0.7092337917485265
2100,0.7157825802226588
2200,0.7111984282907662
2300,0.7193844138834316
2400,0.7167648984937787
2500,0.7190569744597249
2600,0.7259332023575639
2700,0.7151277013752456
2800,0.7288801571709234
2900,0.7295350360183366
3000,0.7321545514079896
3100,0.7285527177472167
3200,0.7360838244924689
3300,0.7387033398821218
3400,0.7278978388998035
3500,0.7429600523903078
3600,0.7406679764243614
3700,0.75049115913556
3800,0.7547478716437459
3900,0.7429600523903078
4000,0.7426326129666012
4100,0.7508185985592666
4200,0.7560576293385723
4300,0.7550753110674525
4400,0.7599869024230518
4500,0.7554027504911591
4600,0.776686313032089
4700,0.7652259332023575
4800,0.7557301899148657
4900,0.776686313032089
