0,0.1971185330713818
100,0.5193189259986902
200,0.573018991486575
300,0.5812049770792403
400,0.5982318271119843
500,0.6126391617550753
600,0.6083824492468893
700,0.6195153896529142
800,0.6378519973804846
900,0.6404715127701375
1000,0.6398166339227243
1100,0.6430910281597905
1200,0.6450556647020301
1300,0.6473477406679764
1400,0.6630648330058939
1500,0.6506221349050426
1600,0.6673215455140799
1700,0.6679764243614931
1800,0.6669941060903732
1900,0.6761624099541584
2000,0.6728880157170923
2100,0.6722331368696791
2200,0.6800916830386379
2300,0.6807465618860511
2400,0.6899148657498363
2500,0.6872953503601834
2600,0.6944990176817288
2700,0.6846758349705304
2800,0.6908971840209561
2900,0.693516699410609
3000,0.6997380484610347
3100,0.6814014407334643
3200,0.7039947609692206
3300,0.7000654878847413
3400,0.7049770792403406
3500,0.7013752455795678
3600,0.7157825802226588
3700,0.6967910936476752
3800,0.7125081859855926
3900,0.7102161100196464
4000,0.6984282907662083
4100,0.7059593975114604
4200,0.7200392927308448
4300,0.7157825802226588
4400,0.7197118533071382
4500,0.7210216110019646
4600,0.724950884086444
4700,0.7239685658153242
4800,0.7252783235101506
4900,0.722331368696791
