0,0.4538310412573674
100,0.5812049770792403
200,0.5992141453831041
300,0.6237721021611002
400,0.6355599214145383
500,0.6394891944990176
600,0.6466928618205632
700,0.6466928618205632
800,0.6692861820563196
900,0.6666666666666666
1000,0.6728880157170923
1100,0.6735428945645056
1200,0.6817288801571709
1300,0.6908971840209561
1400,0.6738703339882122
1500,0.6912246234446627
1600,0.6853307138179436
1700,0.7010478061558612
1800,0.703667321545514
1900,0.7003929273084479
2000,0.7043222003929273
2100,0.6971185330713818
2200,0.7095612311722331
2300,0.7154551407989522
2400,0.7010478061558612
2500,0.7115258677144728
2600,0.7026850032743942
2700,0.7144728225278324
2800,0.7154551407989522
2900,0.7210216110019646
3000,0.7259332023575639
3100,0.7167648984937787
3200,0.7265880812049771
3300,0.7272429600523903
3400,0.730844793713163
3500,0.7213490504256712
3600,0.7390307793058284
3700,0.7328094302554028
3800,0.7367387033398821
3900,0.7288801571709234
4000,0.7475442043222004
4100,0.7524557956777996
4200,0.7459070072036673
4300,0.7481990831696136
4400,0.7531106745252129
4500,0.7544204322200393
4600,0.7465618860510805
4700,0.7573673870333988
4800,0.760641781270465
4900,0.7642436149312377
