0,0.5039292730844793
100,0.5566470203012442
200,0.5926653569089718
300,0.6054354944335298
400,0.6254092992796333
500,0.6440733464309103
600,0.6581532416502947
700,0.6627373935821873
800,0.6719056974459725
900,0.6768172888015717
1000,0.6696136214800262
1100,0.6722331368696791
1200,0.6705959397511461
1300,0.6964636542239686
1400,0.693516699410609
1500,0.7007203667321545
1600,0.7200392927308448
1700,0.7265880812049771
1800,0.7229862475442044
1900,0.7380484610347086
2000,0.7331368696791094
2100,0.7216764898493778
2200,0.7328094302554028
2300,0.7485265225933202
2400,0.747871643745907
2500,0.7468893254747871
2600,0.758022265880812
2700,0.77079240340537
2800,0.7694826457105436
2900,0.7943680419122462
3000,0.77079240340537
3100,0.7786509495743288
3200,0.7884741322855272
3300,0.7881466928618206
3400,0.8097576948264571
3500,0.7694826457105436
3600,0.7881466928618206
3700,0.7868369351669942
3800,0.8130320890635232
3900,0.83366077275704
4000,0.8415193189259987
4100,0.8487229862475442
4200,0.8326784544859201
4300,0.8578912901113294
4400,0.8559266535690897
4500,0.8546168958742633
4600,0.8529796987557302
4700,0.8631303208906352
4800,0.8870333988212181
4900,0.8765553372626064
