0,0.07007203667321546
100,0.5327439423706615
200,0.5795677799607073
300,0.5936476751800916
400,0.6093647675180092
500,0.6250818598559267
600,0.6362148002619515
700,0.637524557956778
800,0.637524557956778
900,0.6414538310412574
1000,0.6522593320235757
1100,0.6574983628028814
1200,0.6627373935821873
1300,0.668958742632613
1400,0.6722331368696791
1500,0.6702685003274395
1600,0.6735428945645056
1700,0.6777996070726916
1800,0.6908971840209561
1900,0.6863130320890635
2000,0.6895874263261297
2100,0.6889325474787165
2200,0.7000654878847413
2300,0.6879502292075966
2400,0.6948264571054354
2500,0.691879502292076
2600,0.696136214800262
2700,0.6967910936476752
2800,0.6908971840209561
2900,0.703667321545514
3000,0.697773411918795
3100,0.710543549443353
3200,0.7013752455795678
3300,0.7134905042567125
3400,0.7003929273084479
3500,0.7157825802226588
3600,0.7049770792403406
3700,0.7213490504256712
3800,0.706286836935167
3900,0.7164374590700721
4000,0.7118533071381794
4100,0.7151277013752456
4200,0.7236411263916176
4300,0.7111984282907662
4400,0.7210216110019646
4500,0.7229862475442044
4600,0.7125081859855926
4700,0.723313686967911
4800,0.7236411263916176
4900,0.7272429600523903
