0,0.5058939096267191
100,0.5900458415193189
200,0.6162409954158481
300,0.6486574983628028
400,0.6516044531761624
500,0.6673215455140799
600,0.6696136214800262
700,0.6751800916830386
800,0.6967910936476752
900,0.6814014407334643
1000,0.697773411918795
1100,0.7102161100196464
1200,0.7170923379174853
1300,0.7157825802226588
1400,0.7115258677144728
1500,0.7465618860510805
1600,0.72920759659463
1700,0.7445972495088409
1800,0.7524557956777996
1900,0.7586771447282252
2000,0.7704649639816634
2100,0.7714472822527833
2200,0.7753765553372626
2300,0.7848722986247544
2400,0.776686313032089
2500,0.7819253438113949
2600,0.7626064178127047
2700,0.7822527832351015
2800,0.8061558611656844
2900,0.8071381794368042
3000,0.8104125736738703
3100,0.806483300589391
3200,0.8264571054354944
3300,0.8313686967910936
3400,0.8290766208251473
3500,0.8215455140798952
3600,0.8565815324165029
3700,0.8536345776031434
3800,0.8614931237721022
3900,0.858218729535036
4000,0.8749181401440733
4100,0.8736083824492469
4200,0.885396201702685
4300,0.8925998690242305
4400,0.8932547478716437
4500,0.888015717092338
4600,0.8929273084479371
4700,0.8952193844138834
4800,0.8988212180746562
4900,0.9079895219384414
