0,0.5058939096267191
100,0.5638506876227898
200,0.618860510805501
300,0.5995415848068107
400,0.6182056319580878
500,0.6335952848722987
600,0.633267845448592
700,0.6519318925998691
800,0.6421087098886706
900,0.6620825147347741
1000,0.6673215455140799
1100,0.6597904387688278
1200,0.6679764243614931
1300,0.6702685003274395
1400,0.656188605108055
1500,0.6781270464963982
1600,0.6787819253438114
1700,0.673215455140799
1800,0.6692861820563196
1900,0.6696136214800262
2000,0.6797642436149313
2100,0.6895874263261297
2200,0.6836935166994106
2300,0.6777996070726916
2400,0.6738703339882122
2500,0.6807465618860511
2600,0.6794368041912247
2700,0.6892599869024231
2800,0.6643745907007204
2900,0.6676489849377865
3000,0.6745252128356254
3100,0.6692861820563196
3200,0.6660117878192534
3300,0.6905697445972495
3400,0.6954813359528488
3500,0.6725605762933857
3600,0.693516699410609
3700,0.7010478061558612
3800,0.7013752455795678
3900,0.6974459724950884
4000,0.6915520628683693
4100,0.693516699410609
4200,0.6922069417157826
4300,0.706286836935167
4400,0.702030124426981
4500,0.7115258677144728
4600,0.691879502292076
4700,0.6899148657498363
4800,0.7069417157825802
4900,0.691879502292076
