0,0.5058939096267191
100,0.518664047151277
200,0.5867714472822528
300,0.6024885396201702
400,0.6034708578912901
500,0.6168958742632613
600,0.6283562540929928
700,0.6041257367387033
800,0.6414538310412574
900,0.6319580877537656
1000,0.6371971185330714
1100,0.64603798297315
1200,0.639161755075311
1300,0.637524557956778
1400,0.633267845448592
1500,0.6250818598559267
1600,0.6496398166339227
1700,0.6368696791093648
1800,0.6470203012442698
1900,0.6407989521938441
2000,0.6322855271774722
2100,0.64603798297315
2200,0.6316306483300589
2300,0.6512770137524558
2400,0.6427635887360839
2500,0.6470203012442698
2600,0.6447282252783235
2700,0.6542239685658153
2800,0.6574983628028814
2900,0.6371971185330714
3000,0.6257367387033399
3100,0.6401440733464309
3200,0.6463654223968566
3300,0.66633922724296
3400,0.6630648330058939
3500,0.647675180091683
3600,0.660445317616241
3700,0.6827111984282908
3800,0.6673215455140799
3900,0.6735428945645056
4000,0.6591355599214146
4100,0.6676489849377865
4200,0.6669941060903732
4300,0.6656843483955468
4400,0.66633922724296
4500,0.6673215455140799
4600,0.668958742632613
4700,0.68762278978389
4800,0.6538965291421087
4900,0.6588081204977079
