0,0.5032743942370661
100,0.58316961362148
200,0.6224623444662737
300,0.6257367387033399
400,0.6437459070072037
500,0.6538965291421087
600,0.660445317616241
700,0.6745252128356254
800,0.6552062868369352
900,0.6840209561231172
1000,0.6830386378519974
1100,0.6944990176817288
1200,0.6954813359528488
1300,0.6938441388343156
1400,0.6908971840209561
1500,0.6964636542239686
1600,0.7102161100196464
1700,0.7056319580877538
1800,0.6948264571054354
1900,0.7134905042567125
2000,0.7193844138834316
2100,0.7200392927308448
2200,0.7180746561886051
2300,0.7252783235101506
2400,0.7151277013752456
2500,0.731827111984283
2600,0.7278978388998035
2700,0.7301899148657498
2800,0.7301899148657498
2900,0.7295350360183366
3000,0.7301899148657498
3100,0.7360838244924689
3200,0.7305173542894564
3300,0.7298624754420432
3400,0.7468893254747871
3500,0.7488539620170268
3600,0.7439423706614277
3700,0.75049115913556
3800,0.7455795677799607
3900,0.7586771447282252
4000,0.7635887360838245
4100,0.7576948264571054
4200,0.7698100851342502
4300,0.7635887360838245
4400,0.769155206286837
4500,0.7717747216764899
4600,0.7717747216764899
4700,0.7789783889980354
4800,0.777668631303209
4900,0.7786509495743288
