0,0.17026850032743943
100,0.5785854616895875
200,0.6175507531106745
300,0.6437459070072037
400,0.6414538310412574
500,0.6552062868369352
600,0.6637197118533071
700,0.6611001964636543
800,0.664702030124427
900,0.6859855926653569
1000,0.6853307138179436
1100,0.6863130320890635
1200,0.68762278978389
1300,0.6981008513425017
1400,0.6882776686313032
1500,0.7082514734774067
1600,0.7013752455795678
1700,0.7131630648330058
1800,0.6869679109364768
1900,0.7033398821218074
2000,0.7184020956123117
2100,0.7177472167648985
2200,0.7167648984937787
2300,0.7301899148657498
2400,0.7341191879502292
2500,0.7288801571709234
2600,0.7203667321545514
2700,0.7360838244924689
2800,0.7367387033398821
2900,0.7423051735428946
3000,0.7364112639161755
3100,0.7341191879502292
3200,0.7459070072036673
3300,0.7501637197118534
3400,0.75049115913556
3500,0.7498362802881466
3600,0.7468893254747871
3700,0.7540929927963327
3800,0.7609692206941716
3900,0.7645710543549443
4000,0.7547478716437459
4100,0.7511460379829732
4200,0.7783235101506222
4300,0.7642436149312377
4400,0.775049115913556
4500,0.7609692206941716
4600,0.7740667976424361
4700,0.7822527832351015
4800,0.769155206286837
4900,0.7861820563195808
