0,0.5039292730844793
100,0.5582842174197773
200,0.6168958742632613
300,0.5864440078585462
400,0.6444007858546169
500,0.6565160445317616
600,0.6444007858546169
700,0.6771447282252783
800,0.6741977734119188
900,0.6925343811394892
1000,0.7013752455795678
1100,0.7000654878847413
1200,0.7118533071381794
1300,0.7118533071381794
1400,0.730844793713163
1500,0.7275703994760969
1600,0.7367387033398821
1700,0.7475442043222004
1800,0.7445972495088409
1900,0.743614931237721
2000,0.7596594629993452
2100,0.7835625409299279
2200,0.7884741322855272
2300,0.7943680419122462
2400,0.808120497707924
2500,0.8110674525212835
2600,0.8176162409954159
2700,0.8297314996725605
2800,0.8163064833005894
2900,0.8611656843483956
3000,0.8696791093647676
3100,0.8572364112639161
3200,0.8696791093647676
3300,0.9037328094302554
3400,0.8958742632612967
3500,0.9086444007858546
3600,0.9178127046496398
3700,0.9282907662082515
3800,0.9237066142763589
3900,0.9368041912246234
4000,0.9266535690897184
4100,0.9469548133595285
4200,0.944007858546169
4300,0.949901768172888
4400,0.9629993451211526
4500,0.962671905697446
4600,0.964309102815979
4700,0.9646365422396856
4800,0.9688932547478717
4900,0.9783889980353635
