0,0.5039292730844793
100,0.5039292730844793
200,0.5353634577603144
300,0.5527177472167649
400,0.6077275703994761
500,0.614603798297315
600,0.6168958742632613
700,0.6414538310412574
800,0.6450556647020301
900,0.656188605108055
1000,0.6669941060903732
1100,0.6614276358873609
1200,0.6699410609037328
1300,0.6859855926653569
1400,0.6886051080550099
1500,0.696136214800262
1600,0.6810740013097577
1700,0.6696136214800262
1800,0.7017026850032744
1900,0.720694171578258
2000,0.7210216110019646
2100,0.7344466273739358
2200,0.7337917485265226
2300,0.7311722331368696
2400,0.72920759659463
2500,0.7567125081859856
2600,0.7632612966601179
2700,0.7554027504911591
2800,0.7685003274394238
2900,0.7806155861165684
3000,0.7874918140144074
3100,0.8107400130975769
3200,0.8035363457760314
3300,0.8133595284872298
3400,0.8185985592665357
3500,0.8058284217419778
3600,0.8189259986902423
3700,0.8333333333333334
3800,0.8339882121807466
3900,0.8222003929273084
4000,0.8447937131630648
4100,0.8664047151277013
4200,0.8546168958742633
4300,0.8598559266535691
4400,0.8686967910936477
4500,0.8742632612966601
4600,0.860838244924689
4700,0.8798297314996726
4800,0.8909626719056974
4900,0.8831041257367387
