0,0.5026195153896529
100,0.5330713817943681
200,0.568762278978389
300,0.5985592665356909
400,0.601833660772757
500,0.6185330713817944
600,0.623117223313687
700,0.6322855271774722
800,0.6421087098886706
900,0.6385068762278978
1000,0.6388343156516044
1100,0.6486574983628028
1200,0.6630648330058939
1300,0.6548788474132285
1400,0.6725605762933857
1500,0.6630648330058939
1600,0.6696136214800262
1700,0.6633922724296005
1800,0.6683038637851998
1900,0.660445317616241
2000,0.664702030124427
2100,0.6915520628683693
2200,0.6669941060903732
2300,0.696136214800262
2400,0.6931892599869024
2500,0.6971185330713818
2600,0.6948264571054354
2700,0.6994106090373281
2800,0.6987557301899149
2900,0.7010478061558612
3000,0.7056319580877538
3100,0.7007203667321545
3200,0.7003929273084479
3300,0.7125081859855926
3400,0.7030124426981008
3500,0.7030124426981008
3600,0.7125081859855926
3700,0.7108709888670596
3800,0.7151277013752456
3900,0.7262606417812705
4000,0.6971185330713818
4100,0.7170923379174853
4200,0.7184020956123117
4300,0.7275703994760969
4400,0.7210216110019646
4500,0.7278978388998035
4600,0.722331368696791
4700,0.7157825802226588
4800,0.7370661427635887
4900,0.731827111984283
