0,0.5039292730844793
100,0.501637197118533
200,0.5284872298624754
300,0.5828421741977734
400,0.6060903732809431
500,0.6106745252128356
600,0.6493123772102161
700,0.641781270464964
800,0.6702685003274395
900,0.6702685003274395
1000,0.6856581532416502
1100,0.6758349705304518
1200,0.7023575638506876
1300,0.6987557301899149
1400,0.7066142763588736
1500,0.7380484610347086
1600,0.7164374590700721
1700,0.7593320235756386
1800,0.7459070072036673
1900,0.7658808120497708
2000,0.7675180091683038
2100,0.795350360183366
2200,0.8074656188605108
2300,0.8117223313686968
2400,0.8048461034708579
2500,0.8290766208251473
2600,0.8549443352979699
2700,0.8398821218074656
2800,0.8552717747216765
2900,0.8673870333988212
3000,0.8664047151277013
3100,0.888015717092338
3200,0.9011132940406025
3300,0.9053700065487885
3400,0.8988212180746562
3500,0.9250163719711854
3600,0.9292730844793713
3700,0.9122462344466273
3800,0.9466273739358219
3900,0.9459724950884086
4000,0.9161755075311068
4100,0.9492468893254747
4200,0.9610347085789129
4300,0.9390962671905697
4400,0.9724950884086444
4500,0.9610347085789129
4600,0.9636542239685658
4700,0.9754420432220039
4800,0.9675834970530451
4900,0.9688932547478717
