0,0.5039292730844793
100,0.5036018336607727
200,0.5343811394891945
300,0.5920104780615586
400,0.5995415848068107
500,0.6407989521938441
600,0.6368696791093648
700,0.6519318925998691
800,0.6470203012442698
900,0.6627373935821873
1000,0.6853307138179436
1100,0.6925343811394892
1200,0.6899148657498363
1300,0.7007203667321545
1400,0.7252783235101506
1500,0.6908971840209561
1600,0.7403405370006548
1700,0.7445972495088409
1800,0.7256057629338573
1900,0.7236411263916176
2000,0.7829076620825147
2100,0.758022265880812
2200,0.7845448592010478
2300,0.8110674525212835
2400,0.7704649639816634
2500,0.8179436804191225
2600,0.8526522593320236
2700,0.8631303208906352
2800,0.8513425016371972
2900,0.8657498362802881
3000,0.9043876882776686
3100,0.9079895219384414
3200,0.9171578258022266
3300,0.9381139489194499
3400,0.9436804191224624
3500,0.9443352979698756
3600,0.9479371316306483
3700,0.9528487229862476
3800,0.945645055664702
3900,0.9561231172233137
4000,0.9420432220039293
4100,0.9639816633922724
4200,0.9783889980353635
4300,0.9823182711198428
4400,0.9675834970530451
4500,0.9783889980353635
4600,0.9751146037982973
4700,0.9751146037982973
4800,0.9855926653569089
4900,0.9751146037982973
