0,0.5058939096267191
100,0.5962671905697446
200,0.6195153896529142
300,0.6404715127701375
400,0.6584806810740013
500,0.6607727570399476
600,0.6669941060903732
700,0.6823837590045841
800,0.6948264571054354
900,0.691879502292076
1000,0.6830386378519974
1100,0.6994106090373281
1200,0.7138179436804192
1300,0.7072691552062869
1400,0.7118533071381794
1500,0.7118533071381794
1600,0.7269155206286837
1700,0.7053045186640472
1800,0.739358218729535
1900,0.723313686967911
2000,0.7298624754420432
2100,0.7177472167648985
2200,0.7475442043222004
2300,0.7449246889325475
2400,0.756385068762279
2500,0.7514734774066798
2600,0.7652259332023575
2700,0.7632612966601179
2800,0.7635887360838245
2900,0.7770137524557956
3000,0.7757039947609692
3100,0.7930582842174198
3200,0.7802881466928618
3300,0.7815979043876883
3400,0.7662082514734774
3500,0.7966601178781926
3600,0.7992796332678455
3700,0.8061558611656844
3800,0.795350360183366
3900,0.7999345121152587
4000,0.8248199083169614
4100,0.8195808775376555
4200,0.8241650294695482
4300,0.8182711198428291
4400,0.843811394891945
4500,0.8379174852652259
4600,0.8359528487229863
4700,0.8552717747216765
4800,0.8483955468238376
4900,0.8529796987557302
