0,0.06974459724950884
100,0.5209561231172233
200,0.5618860510805501
300,0.5897184020956123
400,0.5923379174852652
500,0.6110019646365422
600,0.6182056319580878
700,0.6309757694826457
800,0.6339227242960053
900,0.6411263916175508
1000,0.6463654223968566
1100,0.6548788474132285
1200,0.6466928618205632
1300,0.6473477406679764
1400,0.6447282252783235
1500,0.664702030124427
1600,0.6633922724296005
1700,0.664702030124427
1800,0.6699410609037328
1900,0.6650294695481336
2000,0.6643745907007204
2100,0.6797642436149313
2200,0.677472167648985
2300,0.6810740013097577
2400,0.6804191224623445
2500,0.6846758349705304
2600,0.6882776686313032
2700,0.6830386378519974
2800,0.6899148657498363
2900,0.6902423051735429
3000,0.6823837590045841
3100,0.696136214800262
3200,0.6902423051735429
3300,0.6882776686313032
3400,0.6892599869024231
3500,0.6938441388343156
3600,0.7056319580877538
3700,0.6987557301899149
3800,0.7003929273084479
3900,0.7007203667321545
4000,0.6974459724950884
4100,0.7066142763588736
4200,0.7075965946299935
4300,0.7007203667321545
4400,0.7007203667321545
4500,0.7039947609692206
4600,0.7161100196463654
4700,0.7184020956123117
4800,0.7220039292730844
4900,0.7049770792403406
