0,0.5039292730844793
100,0.5343811394891945
200,0.6031434184675835
300,0.6136214800261951
400,0.6352324819908317
500,0.6538965291421087
600,0.6640471512770137
700,0.6594629993451212
800,0.6758349705304518
900,0.6964636542239686
1000,0.6899148657498363
1100,0.7007203667321545
1200,0.6984282907662083
1300,0.7118533071381794
1400,0.7200392927308448
1500,0.7190569744597249
1600,0.7416502946954814
1700,0.7488539620170268
1800,0.75049115913556
1900,0.760641781270465
2000,0.777668631303209
2100,0.7848722986247544
2200,0.7760314341846758
2300,0.7976424361493124
2400,0.8202357563850687
2500,0.8156516044531762
2600,0.8441388343156516
2700,0.8529796987557302
2800,0.8657498362802881
2900,0.866732154551408
3000,0.8847413228552717
3100,0.8454485920104781
3200,0.888015717092338
3300,0.9194499017681729
3400,0.9302554027504911
3500,0.9322200392927309
3600,0.9390962671905697
3700,0.9446627373935822
3800,0.9535036018336608
3900,0.9751146037982973
4000,0.9502292075965947
4100,0.972822527832351
4200,0.9659462999345121
4300,0.9662737393582187
4400,0.977079240340537
4500,0.9865749836280289
4600,0.9764243614931237
4700,0.9885396201702685
4800,0.9747871643745907
4900,0.9950884086444007
