0,0.5039292730844793
100,0.5481335952848723
200,0.5926653569089718
300,0.6178781925343811
400,0.6404715127701375
500,0.6355599214145383
600,0.650294695481336
700,0.6457105435494433
800,0.6656843483955468
900,0.6712508185985593
1000,0.6666666666666666
1100,0.6738703339882122
1200,0.6686313032089064
1300,0.685003274394237
1400,0.6840209561231172
1500,0.7164374590700721
1600,0.7075965946299935
1700,0.7056319580877538
1800,0.710543549443353
1900,0.7229862475442044
2000,0.7030124426981008
2100,0.7337917485265226
2200,0.7226588081204977
2300,0.7426326129666012
2400,0.7239685658153242
2500,0.7416502946954814
2600,0.7524557956777996
2700,0.7449246889325475
2800,0.7652259332023575
2900,0.7652259332023575
3000,0.7734119187950229
3100,0.7865094957432875
3200,0.7835625409299279
3300,0.7861820563195808
3400,0.7815979043876883
3500,0.7888015717092338
3600,0.8009168303863785
3700,0.8143418467583498
3800,0.8120497707924034
3900,0.8189259986902423
4000,0.8218729535036018
4100,0.8261296660117878
4200,0.8009168303863785
4300,0.8349705304518664
4400,0.8297314996725605
4500,0.8559266535690897
4600,0.8621480026195154
4700,0.8572364112639161
4800,0.8634577603143418
4900,0.8388998035363457
