0,0.5039292730844793
100,0.5091683038637852
200,0.5422396856581533
300,0.5658153241650294
400,0.5851342501637197
500,0.6057629338572365
600,0.593320235756385
700,0.6319580877537656
800,0.618860510805501
900,0.6480026195153896
1000,0.6470203012442698
1100,0.6509495743287492
1200,0.676489849377865
1300,0.6699410609037328
1400,0.6552062868369352
1500,0.6738703339882122
1600,0.6761624099541584
1700,0.6859855926653569
1800,0.6879502292075966
1900,0.6931892599869024
2000,0.7033398821218074
2100,0.7049770792403406
2200,0.7115258677144728
2300,0.6964636542239686
2400,0.7213490504256712
2500,0.7164374590700721
2600,0.7187295350360183
2700,0.7242960052390308
2800,0.731827111984283
2900,0.743614931237721
3000,0.7190569744597249
3100,0.7498362802881466
3200,0.7462344466273739
3300,0.7449246889325475
3400,0.7557301899148657
3500,0.7593320235756386
3600,0.7557301899148657
3700,0.7688277668631304
3800,0.7747216764898494
3900,0.7796332678454486
4000,0.7842174197773412
4100,0.7933857236411264
4200,0.7940406024885396
4300,0.8012442698100851
4400,0.8130320890635232
4500,0.8071381794368042
4600,0.7910936476751801
4700,0.796332678454486
4800,0.8277668631303209
4900,0.8156516044531762
