0,0.5058939096267191
100,0.5848068107400131
200,0.6159135559921415
300,0.6165684348395547
400,0.6293385723641126
500,0.6679764243614931
600,0.6666666666666666
700,0.6702685003274395
800,0.6722331368696791
900,0.6912246234446627
1000,0.6869679109364768
1100,0.691879502292076
1200,0.7010478061558612
1300,0.6840209561231172
1400,0.706286836935167
1500,0.7216764898493778
1600,0.723313686967911
1700,0.7252783235101506
1800,0.7246234446627374
1900,0.7259332023575639
2000,0.7170923379174853
2100,0.7514734774066798
2200,0.72920759659463
2300,0.7491814014407334
2400,0.7537655533726261
2500,0.7439423706614277
2600,0.7724296005239031
2700,0.7632612966601179
2800,0.7717747216764899
2900,0.7724296005239031
3000,0.7757039947609692
3100,0.7829076620825147
3200,0.789456450556647
3300,0.793713163064833
3400,0.7786509495743288
3500,0.8156516044531762
3600,0.8143418467583498
3700,0.8041912246234446
3800,0.820890635232482
3900,0.8156516044531762
4000,0.8104125736738703
4100,0.8117223313686968
4200,0.8326784544859201
4300,0.8330058939096268
4400,0.8510150622134905
4500,0.8284217419777341
4600,0.8578912901113294
4700,0.8320235756385069
4800,0.8513425016371972
4900,0.8696791093647676
