0,0.5039292730844793
100,0.5609037328094303
200,0.6067452521283563
300,0.6299934512115258
400,0.6047806155861166
500,0.6398166339227243
600,0.6470203012442698
700,0.6719056974459725
800,0.6506221349050426
900,0.6817288801571709
1000,0.6761624099541584
1100,0.7069417157825802
1200,0.7000654878847413
1300,0.7115258677144728
1400,0.7180746561886051
1500,0.7242960052390308
1600,0.7242960052390308
1700,0.7511460379829732
1800,0.7449246889325475
1900,0.7354289456450557
2000,0.7590045841519318
2100,0.7675180091683038
2200,0.752128356254093
2300,0.7773411918795023
2400,0.7799607072691552
2500,0.7943680419122462
2600,0.808120497707924
2700,0.8254747871643746
2800,0.8330058939096268
2900,0.8398821218074656
3000,0.8559266535690897
3100,0.8461034708578913
3200,0.8618205631958088
3300,0.8598559266535691
3400,0.8657498362802881
3500,0.8775376555337263
3600,0.8686967910936477
3700,0.8962017026850033
3800,0.9014407334643091
3900,0.9034053700065487
4000,0.9063523248199084
4100,0.9197773411918795
4200,0.9256712508185986
4300,0.9246889325474787
4400,0.9489194499017681
4500,0.9387688277668631
4600,0.9384413883431565
4700,0.9436804191224624
4800,0.9479371316306483
4900,0.949901768172888
