0,0.08382449246889326
100,0.5265225933202358
200,0.5694171578258023
300,0.6021611001964636
400,0.6037982973149967
500,0.6234446627373936
600,0.629011132940406
700,0.630648330058939
800,0.6512770137524558
900,0.6614276358873609
1000,0.6571709233791748
1100,0.6571709233791748
1200,0.6630648330058939
1300,0.6633922724296005
1400,0.6702685003274395
1500,0.6738703339882122
1600,0.6823837590045841
1700,0.6787819253438114
1800,0.6866404715127702
1900,0.6745252128356254
2000,0.6971185330713818
2100,0.6925343811394892
2200,0.6931892599869024
2300,0.6912246234446627
2400,0.7023575638506876
2500,0.6997380484610347
2600,0.6994106090373281
2700,0.7111984282907662
2800,0.7049770792403406
2900,0.7053045186640472
3000,0.7170923379174853
3100,0.7079240340537001
3200,0.7115258677144728
3300,0.7177472167648985
3400,0.7033398821218074
3500,0.7085789129011133
3600,0.7226588081204977
3700,0.7301899148657498
3800,0.7311722331368696
3900,0.7180746561886051
4000,0.7252783235101506
4100,0.7324819908316962
4200,0.72920759659463
4300,0.7177472167648985
4400,0.7220039292730844
4500,0.7167648984937787
4600,0.7337917485265226
4700,0.7337917485265226
4800,0.7396856581532416
4900,0.7445972495088409
