0,0.5058939096267191
100,0.5537000654878848
200,0.6159135559921415
300,0.641781270464964
400,0.641781270464964
500,0.6263916175507531
600,0.6584806810740013
700,0.66633922724296
800,0.668958742632613
900,0.6892599869024231
1000,0.679109364767518
1100,0.6195153896529142
1200,0.6640471512770137
1300,0.6552062868369352
1400,0.6784544859201048
1500,0.6827111984282908
1600,0.6823837590045841
1700,0.6928618205631958
1800,0.7007203667321545
1900,0.7013752455795678
2000,0.6899148657498363
2100,0.6987557301899149
2200,0.7118533071381794
2300,0.7003929273084479
2400,0.6922069417157826
2500,0.7056319580877538
2600,0.6997380484610347
2700,0.7161100196463654
2800,0.7380484610347086
2900,0.72920759659463
3000,0.7193844138834316
3100,0.7210216110019646
3200,0.7213490504256712
3300,0.7321545514079896
3400,0.7010478061558612
3500,0.7347740667976425
3600,0.706286836935167
3700,0.74950884086444
3800,0.7265880812049771
3900,0.7324819908316962
4000,0.7429600523903078
4100,0.7337917485265226
4200,0.7213490504256712
4300,0.7098886705959397
4400,0.737721021611002
4500,0.7416502946954814
4600,0.7468893254747871
4700,0.7387033398821218
4800,0.7547478716437459
4900,0.7213490504256712
