0,0.5039292730844793
100,0.537328094302554
200,0.601833660772757
300,0.6132940406024885
400,0.623117223313687
500,0.6434184675834971
600,0.6558611656843484
700,0.6696136214800262
800,0.6493123772102161
900,0.6846758349705304
1000,0.6669941060903732
1100,0.6807465618860511
1200,0.6997380484610347
1300,0.7030124426981008
1400,0.7151277013752456
1500,0.6941715782580222
1600,0.7239685658153242
1700,0.7256057629338573
1800,0.7364112639161755
1900,0.7373935821872953
2000,0.7488539620170268
2100,0.7544204322200393
2200,0.7501637197118534
2300,0.7567125081859856
2400,0.768172888015717
2500,0.789456450556647
2600,0.7806155861165684
2700,0.7996070726915521
2800,0.8097576948264571
2900,0.7989521938441388
3000,0.8392272429600524
3100,0.8222003929273084
3200,0.8254747871643746
3300,0.843811394891945
3400,0.8454485920104781
3500,0.8562540929927963
3600,0.8745907007203667
3700,0.8664047151277013
3800,0.8762278978388998
3900,0.8549443352979699
4000,0.8772102161100196
4100,0.9004584151931893
4200,0.9047151277013753
4300,0.9112639161755075
4400,0.9155206286836935
4500,0.9214145383104125
4600,0.9214145383104125
4700,0.9318925998690243
4800,0.9240340537000655
4900,0.9358218729535036
